-7.003	5.9689e-21
-6.998	5.75516e-21
-6.993	5.54681e-21
-6.988	5.3437e-21
-6.983	5.14571e-21
-6.978	4.95271e-21
-6.973	4.76458e-21
-6.968	4.58118e-21
-6.963	4.4024e-21
-6.958	4.22814e-21
-6.953	4.05827e-21
-6.948	3.89268e-21
-6.943	3.73127e-21
-6.938	3.57394e-21
-6.933	3.42058e-21
-6.928	3.2711e-21
-6.923	3.12539e-21
-6.918	2.98338e-21
-6.913	2.84495e-21
-6.908	2.71004e-21
-6.903	2.57854e-21
-6.898	2.45038e-21
-6.893	2.32548e-21
-6.888	2.20375e-21
-6.883	2.08511e-21
-6.878	1.9695e-21
-6.873	1.85683e-21
-6.868	1.74704e-21
-6.863	1.64005e-21
-6.858	1.5358e-21
-6.853	1.43422e-21
-6.848	1.33524e-21
-6.843	1.23881e-21
-6.838	1.14485e-21
-6.833	1.05331e-21
-6.828	9.64134e-22
-6.823	8.7726e-22
-6.818	7.92634e-22
-6.813	7.10202e-22
-6.808	6.2991e-22
-6.803	5.51707e-22
-6.798	4.75542e-22
-6.79299	4.01367e-22
-6.78799	3.29133e-22
-6.78299	2.58793e-22
-6.77799	1.90303e-22
-6.77299	1.23618e-22
-6.76799	5.86938e-23
-6.76299	-4.51101e-24
-6.75799	-6.60378e-23
-6.75299	-1.25927e-22
-6.74799	-1.84217e-22
-6.74299	-2.40947e-22
-6.73799	-2.96154e-22
-6.73299	-3.49875e-22
-6.72799	-4.02144e-22
-6.72299	-4.52997e-22
-6.71799	-5.02466e-22
-6.71299	-5.50586e-22
-6.70799	-5.97389e-22
-6.70299	-6.42905e-22
-6.69799	-6.87166e-22
-6.69299	-7.302e-22
-6.68799	-7.72038e-22
-6.68299	-8.12708e-22
-6.67799	-8.52238e-22
-6.67299	-8.90654e-22
-6.66799	-9.27984e-22
-6.66299	-9.64252e-22
-6.65799	-9.99484e-22
-6.65299	-1.03371e-21
-6.64799	-1.06694e-21
-6.64299	-1.09921e-21
-6.63799	-1.13054e-21
-6.63299	-1.16095e-21
-6.62799	-1.19046e-21
-6.62299	-1.2191e-21
-6.61799	-1.24688e-21
-6.61299	-1.27383e-21
-6.60799	-1.29996e-21
-6.60299	-1.3253e-21
-6.59799	-1.34986e-21
-6.59299	-1.37366e-21
-6.58799	-1.39673e-21
-6.58299	-1.41907e-21
-6.57799	-1.4407e-21
-6.57299	-1.46164e-21
-6.56799	-1.48192e-21
-6.56299	-1.50153e-21
-6.55799	-1.52051e-21
-6.55299	-1.53886e-21
-6.54799	-1.55659e-21
-6.54299	-1.57374e-21
-6.53799	-1.5903e-21
-6.53299	-1.60629e-21
-6.52799	-1.62172e-21
-6.52299	-1.63662e-21
-6.51799	-1.65098e-21
-6.51299	-1.66483e-21
-6.50799	-1.67818e-21
-6.50299	-1.69103e-21
-6.49799	-1.70341e-21
-6.49299	-1.71531e-21
-6.48799	-1.72676e-21
-6.48299	-1.73776e-21
-6.47799	-1.74833e-21
-6.47299	-1.75847e-21
-6.46799	-1.76819e-21
-6.46299	-1.77751e-21
-6.45799	-1.78644e-21
-6.45299	-1.79498e-21
-6.44799	-1.80314e-21
-6.44299	-1.81094e-21
-6.43799	-1.81837e-21
-6.43299	-1.82546e-21
-6.42799	-1.8322e-21
-6.42299	-1.83861e-21
-6.41799	-1.8447e-21
-6.41299	-1.85047e-21
-6.40799	-1.85593e-21
-6.40299	-1.86109e-21
-6.39799	-1.86595e-21
-6.39299	-1.87053e-21
-6.38799	-1.87482e-21
-6.38299	-1.87884e-21
-6.37799	-1.8826e-21
-6.37299	-1.8861e-21
-6.36799	-1.88934e-21
-6.36299	-1.89233e-21
-6.35799	-1.89508e-21
-6.35298	-1.8976e-21
-6.34798	-1.89989e-21
-6.34298	-1.90195e-21
-6.33798	-1.9038e-21
-6.33298	-1.90543e-21
-6.32798	-1.90686e-21
-6.32298	-1.90808e-21
-6.31798	-1.90911e-21
-6.31298	-1.90995e-21
-6.30798	-1.91059e-21
-6.30298	-1.91106e-21
-6.29798	-1.91135e-21
-6.29298	-1.91146e-21
-6.28798	-1.91141e-21
-6.28298	-1.91119e-21
-6.27798	-1.91081e-21
-6.27298	-1.91028e-21
-6.26798	-1.90959e-21
-6.26298	-1.90876e-21
-6.25798	-1.90778e-21
-6.25298	-1.90666e-21
-6.24798	-1.90541e-21
-6.24298	-1.90402e-21
-6.23798	-1.9025e-21
-6.23298	-1.90086e-21
-6.22798	-1.89909e-21
-6.22298	-1.89721e-21
-6.21798	-1.89521e-21
-6.21298	-1.89309e-21
-6.20798	-1.89087e-21
-6.20298	-1.88854e-21
-6.19798	-1.88611e-21
-6.19298	-1.88357e-21
-6.18798	-1.88094e-21
-6.18298	-1.87821e-21
-6.17798	-1.87539e-21
-6.17298	-1.87248e-21
-6.16798	-1.86949e-21
-6.16298	-1.8664e-21
-6.15798	-1.86324e-21
-6.15298	-1.85999e-21
-6.14798	-1.85667e-21
-6.14298	-1.85327e-21
-6.13798	-1.8498e-21
-6.13298	-1.84626e-21
-6.12798	-1.84265e-21
-6.12298	-1.83897e-21
-6.11798	-1.83523e-21
-6.11298	-1.83142e-21
-6.10798	-1.82756e-21
-6.10298	-1.82363e-21
-6.09798	-1.81965e-21
-6.09298	-1.81562e-21
-6.08798	-1.81153e-21
-6.08298	-1.80739e-21
-6.07798	-1.8032e-21
-6.07298	-1.79896e-21
-6.06798	-1.79467e-21
-6.06298	-1.79034e-21
-6.05798	-1.78597e-21
-6.05298	-1.78155e-21
-6.04798	-1.77709e-21
-6.04298	-1.7726e-21
-6.03798	-1.76806e-21
-6.03298	-1.7635e-21
-6.02798	-1.75889e-21
-6.02298	-1.75425e-21
-6.01798	-1.74958e-21
-6.01298	-1.74488e-21
-6.00798	-1.74015e-21
-6.00298	-1.7354e-21
-5.99798	-1.73061e-21
-5.99298	-1.7258e-21
-5.98798	-1.72096e-21
-5.98298	-1.7161e-21
-5.97798	-1.71121e-21
-5.97298	-1.70631e-21
-5.96798	-1.70138e-21
-5.96298	-1.69643e-21
-5.95798	-1.69147e-21
-5.95298	-1.68648e-21
-5.94798	-1.68148e-21
-5.94298	-1.67647e-21
-5.93798	-1.67143e-21
-5.93298	-1.66639e-21
-5.92798	-1.66133e-21
-5.92298	-1.65626e-21
-5.91797	-1.65117e-21
-5.91297	-1.64608e-21
-5.90797	-1.64097e-21
-5.90297	-1.63585e-21
-5.89797	-1.63073e-21
-5.89297	-1.6256e-21
-5.88797	-1.62046e-21
-5.88297	-1.61531e-21
-5.87797	-1.61016e-21
-5.87297	-1.605e-21
-5.86797	-1.59984e-21
-5.86297	-1.59467e-21
-5.85797	-1.5895e-21
-5.85297	-1.58432e-21
-5.84797	-1.57915e-21
-5.84297	-1.57397e-21
-5.83797	-1.56879e-21
-5.83297	-1.56361e-21
-5.82797	-1.55843e-21
-5.82297	-1.55325e-21
-5.81797	-1.54807e-21
-5.81297	-1.54289e-21
-5.80797	-1.53771e-21
-5.80297	-1.53254e-21
-5.79797	-1.52736e-21
-5.79297	-1.52219e-21
-5.78797	-1.51703e-21
-5.78297	-1.51186e-21
-5.77797	-1.5067e-21
-5.77297	-1.50155e-21
-5.76797	-1.4964e-21
-5.76297	-1.49126e-21
-5.75797	-1.48612e-21
-5.75297	-1.48099e-21
-5.74797	-1.47586e-21
-5.74297	-1.47074e-21
-5.73797	-1.46563e-21
-5.73297	-1.46052e-21
-5.72797	-1.45543e-21
-5.72297	-1.45034e-21
-5.71797	-1.44525e-21
-5.71297	-1.44018e-21
-5.70797	-1.43512e-21
-5.70297	-1.43006e-21
-5.69797	-1.42501e-21
-5.69297	-1.41998e-21
-5.68797	-1.41495e-21
-5.68297	-1.40993e-21
-5.67797	-1.40493e-21
-5.67297	-1.39993e-21
-5.66797	-1.39494e-21
-5.66297	-1.38997e-21
-5.65797	-1.38501e-21
-5.65297	-1.38005e-21
-5.64797	-1.37511e-21
-5.64297	-1.37018e-21
-5.63797	-1.36526e-21
-5.63297	-1.36036e-21
-5.62797	-1.35546e-21
-5.62297	-1.35058e-21
-5.61797	-1.34571e-21
-5.61297	-1.34086e-21
-5.60797	-1.33601e-21
-5.60297	-1.33118e-21
-5.59797	-1.32636e-21
-5.59297	-1.32156e-21
-5.58797	-1.31677e-21
-5.58297	-1.31199e-21
-5.57797	-1.30722e-21
-5.57297	-1.30247e-21
-5.56797	-1.29773e-21
-5.56297	-1.29301e-21
-5.55797	-1.2883e-21
-5.55297	-1.2836e-21
-5.54797	-1.27892e-21
-5.54297	-1.27426e-21
-5.53797	-1.2696e-21
-5.53297	-1.26496e-21
-5.52797	-1.26034e-21
-5.52297	-1.25573e-21
-5.51797	-1.25113e-21
-5.51297	-1.24655e-21
-5.50797	-1.24199e-21
-5.50297	-1.23744e-21
-5.49797	-1.2329e-21
-5.49297	-1.22838e-21
-5.48797	-1.22388e-21
-5.48296	-1.21938e-21
-5.47796	-1.21491e-21
-5.47296	-1.21045e-21
-5.46796	-1.206e-21
-5.46296	-1.20157e-21
-5.45796	-1.19716e-21
-5.45296	-1.19276e-21
-5.44796	-1.18837e-21
-5.44296	-1.184e-21
-5.43796	-1.17965e-21
-5.43296	-1.17531e-21
-5.42796	-1.17099e-21
-5.42296	-1.16668e-21
-5.41796	-1.16239e-21
-5.41296	-1.15811e-21
-5.40796	-1.15385e-21
-5.40296	-1.14961e-21
-5.39796	-1.14538e-21
-5.39296	-1.14116e-21
-5.38796	-1.13696e-21
-5.38296	-1.13278e-21
-5.37796	-1.12861e-21
-5.37296	-1.12446e-21
-5.36796	-1.12032e-21
-5.36296	-1.1162e-21
-5.35796	-1.1121e-21
-5.35296	-1.10801e-21
-5.34796	-1.10393e-21
-5.34296	-1.09987e-21
-5.33796	-1.09583e-21
-5.33296	-1.0918e-21
-5.32796	-1.08779e-21
-5.32296	-1.08379e-21
-5.31796	-1.07981e-21
-5.31296	-1.07585e-21
-5.30796	-1.0719e-21
-5.30296	-1.06796e-21
-5.29796	-1.06404e-21
-5.29296	-1.06014e-21
-5.28796	-1.05625e-21
-5.28296	-1.05238e-21
-5.27796	-1.04852e-21
-5.27296	-1.04468e-21
-5.26796	-1.04085e-21
-5.26296	-1.03704e-21
-5.25796	-1.03324e-21
-5.25296	-1.02946e-21
-5.24796	-1.0257e-21
-5.24296	-1.02195e-21
-5.23796	-1.01821e-21
-5.23296	-1.01449e-21
-5.22796	-1.01079e-21
-5.22296	-1.0071e-21
-5.21796	-1.00342e-21
-5.21296	-9.9976e-22
-5.20796	-9.96115e-22
-5.20296	-9.92485e-22
-5.19796	-9.88869e-22
-5.19296	-9.85269e-22
-5.18796	-9.81683e-22
-5.18296	-9.78112e-22
-5.17796	-9.74556e-22
-5.17296	-9.71015e-22
-5.16796	-9.67489e-22
-5.16296	-9.63977e-22
-5.15796	-9.60479e-22
-5.15296	-9.56997e-22
-5.14796	-9.53528e-22
-5.14296	-9.50075e-22
-5.13796	-9.46635e-22
-5.13296	-9.4321e-22
-5.12796	-9.398e-22
-5.12296	-9.36404e-22
-5.11796	-9.33022e-22
-5.11296	-9.29654e-22
-5.10796	-9.26301e-22
-5.10296	-9.22962e-22
-5.09796	-9.19636e-22
-5.09296	-9.16325e-22
-5.08796	-9.13028e-22
-5.08296	-9.09745e-22
-5.07796	-9.06476e-22
-5.07296	-9.03221e-22
-5.06796	-8.99979e-22
-5.06296	-8.96752e-22
-5.05796	-8.93538e-22
-5.05296	-8.90338e-22
-5.04796	-8.87151e-22
-5.04295	-8.83978e-22
-5.03795	-8.80819e-22
-5.03295	-8.77673e-22
-5.02795	-8.74541e-22
-5.02295	-8.71422e-22
-5.01795	-8.68316e-22
-5.01295	-8.65224e-22
-5.00795	-8.62145e-22
-5.00295	-8.5908e-22
-4.99795	-8.56027e-22
-4.99295	-8.52988e-22
-4.98795	-8.49961e-22
-4.98295	-8.46948e-22
-4.97795	-8.43948e-22
-4.97295	-8.40961e-22
-4.96795	-8.37986e-22
-4.96295	-8.35025e-22
-4.95795	-8.32076e-22
-4.95295	-8.2914e-22
-4.94795	-8.26217e-22
-4.94295	-8.23306e-22
-4.93795	-8.20408e-22
-4.93295	-8.17523e-22
-4.92795	-8.1465e-22
-4.92295	-8.11789e-22
-4.91795	-8.08941e-22
-4.91295	-8.06105e-22
-4.90795	-8.03282e-22
-4.90295	-8.00471e-22
-4.89795	-7.97672e-22
-4.89295	-7.94885e-22
-4.88795	-7.9211e-22
-4.88295	-7.89348e-22
-4.87795	-7.86597e-22
-4.87295	-7.83858e-22
-4.86795	-7.81132e-22
-4.86295	-7.78417e-22
-4.85795	-7.75714e-22
-4.85295	-7.73022e-22
-4.84795	-7.70343e-22
-4.84295	-7.67675e-22
-4.83795	-7.65019e-22
-4.83295	-7.62374e-22
-4.82795	-7.59741e-22
-4.82295	-7.57119e-22
-4.81795	-7.54509e-22
-4.81295	-7.5191e-22
-4.80795	-7.49323e-22
-4.80295	-7.46746e-22
-4.79795	-7.44181e-22
-4.79295	-7.41628e-22
-4.78795	-7.39085e-22
-4.78295	-7.36553e-22
-4.77795	-7.34033e-22
-4.77295	-7.31523e-22
-4.76795	-7.29025e-22
-4.76295	-7.26537e-22
-4.75795	-7.2406e-22
-4.75295	-7.21594e-22
-4.74795	-7.19139e-22
-4.74295	-7.16695e-22
-4.73795	-7.14261e-22
-4.73295	-7.11838e-22
-4.72795	-7.09425e-22
-4.72295	-7.07023e-22
-4.71795	-7.04631e-22
-4.71295	-7.0225e-22
-4.70795	-6.99879e-22
-4.70295	-6.97519e-22
-4.69795	-6.95169e-22
-4.69295	-6.92829e-22
-4.68795	-6.90499e-22
-4.68295	-6.88179e-22
-4.67795	-6.8587e-22
-4.67295	-6.83571e-22
-4.66795	-6.81281e-22
-4.66295	-6.79002e-22
-4.65795	-6.76732e-22
-4.65295	-6.74473e-22
-4.64795	-6.72223e-22
-4.64295	-6.69983e-22
-4.63795	-6.67753e-22
-4.63295	-6.65533e-22
-4.62795	-6.63322e-22
-4.62295	-6.61121e-22
-4.61795	-6.58929e-22
-4.61295	-6.56747e-22
-4.60794	-6.54575e-22
-4.60294	-6.52412e-22
-4.59794	-6.50258e-22
-4.59294	-6.48114e-22
-4.58794	-6.45979e-22
-4.58294	-6.43853e-22
-4.57794	-6.41737e-22
-4.57294	-6.3963e-22
-4.56794	-6.37532e-22
-4.56294	-6.35443e-22
-4.55794	-6.33363e-22
-4.55294	-6.31292e-22
-4.54794	-6.2923e-22
-4.54294	-6.27177e-22
-4.53794	-6.25133e-22
-4.53294	-6.23098e-22
-4.52794	-6.21072e-22
-4.52294	-6.19054e-22
-4.51794	-6.17045e-22
-4.51294	-6.15045e-22
-4.50794	-6.13054e-22
-4.50294	-6.11071e-22
-4.49794	-6.09097e-22
-4.49294	-6.07131e-22
-4.48794	-6.05174e-22
-4.48294	-6.03225e-22
-4.47794	-6.01285e-22
-4.47294	-5.99353e-22
-4.46794	-5.97429e-22
-4.46294	-5.95514e-22
-4.45794	-5.93607e-22
-4.45294	-5.91708e-22
-4.44794	-5.89817e-22
-4.44294	-5.87935e-22
-4.43794	-5.8606e-22
-4.43294	-5.84194e-22
-4.42794	-5.82336e-22
-4.42294	-5.80486e-22
-4.41794	-5.78643e-22
-4.41294	-5.76809e-22
-4.40794	-5.74983e-22
-4.40294	-5.73164e-22
-4.39794	-5.71353e-22
-4.39294	-5.6955e-22
-4.38794	-5.67755e-22
-4.38294	-5.65967e-22
-4.37794	-5.64188e-22
-4.37294	-5.62415e-22
-4.36794	-5.60651e-22
-4.36294	-5.58894e-22
-4.35794	-5.57144e-22
-4.35294	-5.55402e-22
-4.34794	-5.53667e-22
-4.34294	-5.5194e-22
-4.33794	-5.5022e-22
-4.33294	-5.48508e-22
-4.32794	-5.46803e-22
-4.32294	-5.45105e-22
-4.31794	-5.43414e-22
-4.31294	-5.41731e-22
-4.30794	-5.40055e-22
-4.30294	-5.38386e-22
-4.29794	-5.36724e-22
-4.29294	-5.35069e-22
-4.28794	-5.33421e-22
-4.28294	-5.3178e-22
-4.27794	-5.30146e-22
-4.27294	-5.28519e-22
-4.26794	-5.269e-22
-4.26294	-5.25286e-22
-4.25794	-5.2368e-22
-4.25294	-5.22081e-22
-4.24794	-5.20488e-22
-4.24294	-5.18902e-22
-4.23794	-5.17323e-22
-4.23294	-5.15751e-22
-4.22794	-5.14185e-22
-4.22294	-5.12626e-22
-4.21794	-5.11073e-22
-4.21294	-5.09527e-22
-4.20794	-5.07988e-22
-4.20294	-5.06455e-22
-4.19794	-5.04928e-22
-4.19294	-5.03408e-22
-4.18794	-5.01895e-22
-4.18294	-5.00388e-22
-4.17794	-4.98887e-22
-4.17294	-4.97392e-22
-4.16793	-4.95904e-22
-4.16293	-4.94422e-22
-4.15793	-4.92946e-22
-4.15293	-4.91477e-22
-4.14793	-4.90013e-22
-4.14293	-4.88556e-22
-4.13793	-4.87105e-22
-4.13293	-4.8566e-22
-4.12793	-4.84221e-22
-4.12293	-4.82788e-22
-4.11793	-4.81361e-22
-4.11293	-4.7994e-22
-4.10793	-4.78525e-22
-4.10293	-4.77116e-22
-4.09793	-4.75713e-22
-4.09293	-4.74316e-22
-4.08793	-4.72924e-22
-4.08293	-4.71539e-22
-4.07793	-4.70159e-22
-4.07293	-4.68785e-22
-4.06793	-4.67416e-22
-4.06293	-4.66054e-22
-4.05793	-4.64697e-22
-4.05293	-4.63345e-22
-4.04793	-4.61999e-22
-4.04293	-4.60659e-22
-4.03793	-4.59325e-22
-4.03293	-4.57996e-22
-4.02793	-4.56672e-22
-4.02293	-4.55354e-22
-4.01793	-4.54042e-22
-4.01293	-4.52735e-22
-4.00793	-4.51433e-22
-4.00293	-4.50137e-22
-3.99793	-4.48846e-22
-3.99293	-4.4756e-22
-3.98793	-4.4628e-22
-3.98293	-4.45005e-22
-3.97793	-4.43736e-22
-3.97293	-4.42471e-22
-3.96793	-4.41212e-22
-3.96293	-4.39958e-22
-3.95793	-4.38709e-22
-3.95293	-4.37465e-22
-3.94793	-4.36227e-22
-3.94293	-4.34993e-22
-3.93793	-4.33765e-22
-3.93293	-4.32542e-22
-3.92793	-4.31323e-22
-3.92293	-4.3011e-22
-3.91793	-4.28902e-22
-3.91293	-4.27698e-22
-3.90793	-4.265e-22
-3.90293	-4.25306e-22
-3.89793	-4.24118e-22
-3.89293	-4.22934e-22
-3.88793	-4.21755e-22
-3.88293	-4.20581e-22
-3.87793	-4.19412e-22
-3.87293	-4.18247e-22
-3.86793	-4.17087e-22
-3.86293	-4.15932e-22
-3.85793	-4.14782e-22
-3.85293	-4.13637e-22
-3.84793	-4.12496e-22
-3.84293	-4.11359e-22
-3.83793	-4.10228e-22
-3.83293	-4.09101e-22
-3.82793	-4.07978e-22
-3.82293	-4.0686e-22
-3.81793	-4.05747e-22
-3.81293	-4.04638e-22
-3.80793	-4.03534e-22
-3.80293	-4.02434e-22
-3.79793	-4.01339e-22
-3.79293	-4.00248e-22
-3.78793	-3.99161e-22
-3.78293	-3.98079e-22
-3.77793	-3.97001e-22
-3.77293	-3.95928e-22
-3.76793	-3.94859e-22
-3.76293	-3.93794e-22
-3.75793	-3.92734e-22
-3.75293	-3.91678e-22
-3.74793	-3.90626e-22
-3.74293	-3.89578e-22
-3.73793	-3.88535e-22
-3.73292	-3.87496e-22
-3.72792	-3.86461e-22
-3.72292	-3.8543e-22
-3.71792	-3.84403e-22
-3.71292	-3.8338e-22
-3.70792	-3.82362e-22
-3.70292	-3.81348e-22
-3.69792	-3.80337e-22
-3.69292	-3.79331e-22
-3.68792	-3.78329e-22
-3.68292	-3.77331e-22
-3.67792	-3.76336e-22
-3.67292	-3.75346e-22
-3.66792	-3.7436e-22
-3.66292	-3.73378e-22
-3.65792	-3.72399e-22
-3.65292	-3.71425e-22
-3.64792	-3.70454e-22
-3.64292	-3.69488e-22
-3.63792	-3.68525e-22
-3.63292	-3.67566e-22
-3.62792	-3.66611e-22
-3.62292	-3.65659e-22
-3.61792	-3.64712e-22
-3.61292	-3.63768e-22
-3.60792	-3.62828e-22
-3.60292	-3.61892e-22
-3.59792	-3.60959e-22
-3.59292	-3.6003e-22
-3.58792	-3.59105e-22
-3.58292	-3.58183e-22
-3.57792	-3.57265e-22
-3.57292	-3.56351e-22
-3.56792	-3.55441e-22
-3.56292	-3.54534e-22
-3.55792	-3.5363e-22
-3.55292	-3.5273e-22
-3.54792	-3.51834e-22
-3.54292	-3.50941e-22
-3.53792	-3.50052e-22
-3.53292	-3.49167e-22
-3.52792	-3.48284e-22
-3.52292	-3.47406e-22
-3.51792	-3.4653e-22
-3.51292	-3.45659e-22
-3.50792	-3.4479e-22
-3.50292	-3.43925e-22
-3.49792	-3.43064e-22
-3.49292	-3.42206e-22
-3.48792	-3.41351e-22
-3.48292	-3.405e-22
-3.47792	-3.39651e-22
-3.47292	-3.38807e-22
-3.46792	-3.37965e-22
-3.46292	-3.37127e-22
-3.45792	-3.36292e-22
-3.45292	-3.35461e-22
-3.44792	-3.34633e-22
-3.44292	-3.33807e-22
-3.43792	-3.32986e-22
-3.43292	-3.32167e-22
-3.42792	-3.31352e-22
-3.42292	-3.30539e-22
-3.41792	-3.2973e-22
-3.41292	-3.28925e-22
-3.40792	-3.28122e-22
-3.40292	-3.27322e-22
-3.39792	-3.26526e-22
-3.39292	-3.25732e-22
-3.38792	-3.24942e-22
-3.38292	-3.24155e-22
-3.37792	-3.23371e-22
-3.37292	-3.2259e-22
-3.36792	-3.21812e-22
-3.36292	-3.21037e-22
-3.35792	-3.20265e-22
-3.35292	-3.19496e-22
-3.34792	-3.1873e-22
-3.34292	-3.17967e-22
-3.33792	-3.17207e-22
-3.33292	-3.16449e-22
-3.32792	-3.15695e-22
-3.32292	-3.14944e-22
-3.31792	-3.14196e-22
-3.31292	-3.1345e-22
-3.30792	-3.12707e-22
-3.30292	-3.11968e-22
-3.29791	-3.11231e-22
-3.29291	-3.10497e-22
-3.28791	-3.09766e-22
-3.28291	-3.09037e-22
-3.27791	-3.08312e-22
-3.27291	-3.07589e-22
-3.26791	-3.06869e-22
-3.26291	-3.06152e-22
-3.25791	-3.05438e-22
-3.25291	-3.04726e-22
-3.24791	-3.04017e-22
-3.24291	-3.03311e-22
-3.23791	-3.02608e-22
-3.23291	-3.01907e-22
-3.22791	-3.01209e-22
-3.22291	-3.00513e-22
-3.21791	-2.99821e-22
-3.21291	-2.99131e-22
-3.20791	-2.98443e-22
-3.20291	-2.97759e-22
-3.19791	-2.97076e-22
-3.19291	-2.96397e-22
-3.18791	-2.9572e-22
-3.18291	-2.95046e-22
-3.17791	-2.94374e-22
-3.17291	-2.93705e-22
-3.16791	-2.93038e-22
-3.16291	-2.92374e-22
-3.15791	-2.91713e-22
-3.15291	-2.91054e-22
-3.14791	-2.90397e-22
-3.14291	-2.89743e-22
-3.13791	-2.89092e-22
-3.13291	-2.88443e-22
-3.12791	-2.87797e-22
-3.12291	-2.87153e-22
-3.11791	-2.86511e-22
-3.11291	-2.85872e-22
-3.10791	-2.85235e-22
-3.10291	-2.84601e-22
-3.09791	-2.83969e-22
-3.09291	-2.8334e-22
-3.08791	-2.82713e-22
-3.08291	-2.82088e-22
-3.07791	-2.81466e-22
-3.07291	-2.80846e-22
-3.06791	-2.80229e-22
-3.06291	-2.79613e-22
-3.05791	-2.79001e-22
-3.05291	-2.7839e-22
-3.04791	-2.77782e-22
-3.04291	-2.77176e-22
-3.03791	-2.76572e-22
-3.03291	-2.75971e-22
-3.02791	-2.75372e-22
-3.02291	-2.74775e-22
-3.01791	-2.74181e-22
-3.01291	-2.73589e-22
-3.00791	-2.72999e-22
-3.00291	-2.72411e-22
-2.99791	-2.71826e-22
-2.99291	-2.71242e-22
-2.98791	-2.70661e-22
-2.98291	-2.70082e-22
-2.97791	-2.69506e-22
-2.97291	-2.68931e-22
-2.96791	-2.68359e-22
-2.96291	-2.67788e-22
-2.95791	-2.6722e-22
-2.95291	-2.66655e-22
-2.94791	-2.66091e-22
-2.94291	-2.65529e-22
-2.93791	-2.6497e-22
-2.93291	-2.64412e-22
-2.92791	-2.63857e-22
-2.92291	-2.63304e-22
-2.91791	-2.62753e-22
-2.91291	-2.62204e-22
-2.90791	-2.61657e-22
-2.90291	-2.61112e-22
-2.89791	-2.60569e-22
-2.89291	-2.60028e-22
-2.88791	-2.59489e-22
-2.88291	-2.58953e-22
-2.87791	-2.58418e-22
-2.87291	-2.57885e-22
-2.86791	-2.57355e-22
-2.86291	-2.56826e-22
-2.8579	-2.56299e-22
-2.8529	-2.55775e-22
-2.8479	-2.55252e-22
-2.8429	-2.54731e-22
-2.8379	-2.54212e-22
-2.8329	-2.53695e-22
-2.8279	-2.5318e-22
-2.8229	-2.52667e-22
-2.8179	-2.52156e-22
-2.8129	-2.51647e-22
-2.8079	-2.5114e-22
-2.8029	-2.50635e-22
-2.7979	-2.50131e-22
-2.7929	-2.4963e-22
-2.7879	-2.4913e-22
-2.7829	-2.48632e-22
-2.7779	-2.48136e-22
-2.7729	-2.47642e-22
-2.7679	-2.4715e-22
-2.7629	-2.46659e-22
-2.7579	-2.46171e-22
-2.7529	-2.45684e-22
-2.7479	-2.45199e-22
-2.7429	-2.44716e-22
-2.7379	-2.44235e-22
-2.7329	-2.43756e-22
-2.7279	-2.43278e-22
-2.7229	-2.42802e-22
-2.7179	-2.42328e-22
-2.7129	-2.41856e-22
-2.7079	-2.41385e-22
-2.7029	-2.40916e-22
-2.6979	-2.40449e-22
-2.6929	-2.39984e-22
-2.6879	-2.39521e-22
-2.6829	-2.39059e-22
-2.6779	-2.38599e-22
-2.6729	-2.3814e-22
-2.6679	-2.37684e-22
-2.6629	-2.37229e-22
-2.6579	-2.36776e-22
-2.6529	-2.36324e-22
-2.6479	-2.35874e-22
-2.6429	-2.35426e-22
-2.6379	-2.3498e-22
-2.6329	-2.34535e-22
-2.6279	-2.34092e-22
-2.6229	-2.3365e-22
-2.6179	-2.3321e-22
-2.6129	-2.32772e-22
-2.6079	-2.32336e-22
-2.6029	-2.31901e-22
-2.5979	-2.31467e-22
-2.5929	-2.31036e-22
-2.5879	-2.30606e-22
-2.5829	-2.30177e-22
-2.5779	-2.2975e-22
-2.5729	-2.29325e-22
-2.5679	-2.28901e-22
-2.5629	-2.28479e-22
-2.5579	-2.28059e-22
-2.5529	-2.2764e-22
-2.5479	-2.27223e-22
-2.5429	-2.26807e-22
-2.5379	-2.26392e-22
-2.5329	-2.2598e-22
-2.5279	-2.25569e-22
-2.5229	-2.25159e-22
-2.5179	-2.24751e-22
-2.5129	-2.24344e-22
-2.5079	-2.23939e-22
-2.5029	-2.23536e-22
-2.4979	-2.23134e-22
-2.4929	-2.22733e-22
-2.4879	-2.22334e-22
-2.4829	-2.21937e-22
-2.4779	-2.21541e-22
-2.4729	-2.21146e-22
-2.4679	-2.20753e-22
-2.4629	-2.20362e-22
-2.4579	-2.19971e-22
-2.4529	-2.19583e-22
-2.4479	-2.19196e-22
-2.4429	-2.1881e-22
-2.4379	-2.18426e-22
-2.4329	-2.18043e-22
-2.4279	-2.17661e-22
-2.42289	-2.17281e-22
-2.41789	-2.16903e-22
-2.41289	-2.16525e-22
-2.40789	-2.1615e-22
-2.40289	-2.15775e-22
-2.39789	-2.15402e-22
-2.39289	-2.15031e-22
-2.38789	-2.14661e-22
-2.38289	-2.14292e-22
-2.37789	-2.13925e-22
-2.37289	-2.13559e-22
-2.36789	-2.13194e-22
-2.36289	-2.12831e-22
-2.35789	-2.12469e-22
-2.35289	-2.12108e-22
-2.34789	-2.11749e-22
-2.34289	-2.11391e-22
-2.33789	-2.11035e-22
-2.33289	-2.1068e-22
-2.32789	-2.10326e-22
-2.32289	-2.09973e-22
-2.31789	-2.09622e-22
-2.31289	-2.09273e-22
-2.30789	-2.08924e-22
-2.30289	-2.08577e-22
-2.29789	-2.08231e-22
-2.29289	-2.07886e-22
-2.28789	-2.07543e-22
-2.28289	-2.07201e-22
-2.27789	-2.0686e-22
-2.27289	-2.06521e-22
-2.26789	-2.06183e-22
-2.26289	-2.05846e-22
-2.25789	-2.0551e-22
-2.25289	-2.05176e-22
-2.24789	-2.04843e-22
-2.24289	-2.04511e-22
-2.23789	-2.04181e-22
-2.23289	-2.03851e-22
-2.22789	-2.03523e-22
-2.22289	-2.03197e-22
-2.21789	-2.02871e-22
-2.21289	-2.02547e-22
-2.20789	-2.02224e-22
-2.20289	-2.01902e-22
-2.19789	-2.01581e-22
-2.19289	-2.01262e-22
-2.18789	-2.00943e-22
-2.18289	-2.00626e-22
-2.17789	-2.00311e-22
-2.17289	-1.99996e-22
-2.16789	-1.99683e-22
-2.16289	-1.9937e-22
-2.15789	-1.99059e-22
-2.15289	-1.98749e-22
-2.14789	-1.98441e-22
-2.14289	-1.98133e-22
-2.13789	-1.97827e-22
-2.13289	-1.97522e-22
-2.12789	-1.97218e-22
-2.12289	-1.96915e-22
-2.11789	-1.96613e-22
-2.11289	-1.96313e-22
-2.10789	-1.96013e-22
-2.10289	-1.95715e-22
-2.09789	-1.95418e-22
-2.09289	-1.95122e-22
-2.08789	-1.94827e-22
-2.08289	-1.94534e-22
-2.07789	-1.94241e-22
-2.07289	-1.9395e-22
-2.06789	-1.93659e-22
-2.06289	-1.9337e-22
-2.05789	-1.93082e-22
-2.05289	-1.92795e-22
-2.04789	-1.92509e-22
-2.04289	-1.92225e-22
-2.03789	-1.91941e-22
-2.03289	-1.91658e-22
-2.02789	-1.91377e-22
-2.02289	-1.91096e-22
-2.01789	-1.90817e-22
-2.01289	-1.90539e-22
-2.00789	-1.90262e-22
-2.00289	-1.89986e-22
-1.99789	-1.89711e-22
-1.99289	-1.89437e-22
-1.98789	-1.89164e-22
-1.98289	-1.88892e-22
-1.97789	-1.88621e-22
-1.97289	-1.88351e-22
-1.96789	-1.88083e-22
-1.96289	-1.87815e-22
-1.95789	-1.87549e-22
-1.95289	-1.87283e-22
-1.94789	-1.87019e-22
-1.94289	-1.86755e-22
-1.93789	-1.86493e-22
-1.93289	-1.86231e-22
-1.92789	-1.85971e-22
-1.92289	-1.85711e-22
-1.91789	-1.85453e-22
-1.91289	-1.85196e-22
-1.90789	-1.84939e-22
-1.90289	-1.84684e-22
-1.89789	-1.8443e-22
-1.89289	-1.84177e-22
-1.88789	-1.83924e-22
-1.88289	-1.83673e-22
-1.87789	-1.83423e-22
-1.87289	-1.83173e-22
-1.86789	-1.82925e-22
-1.86289	-1.82677e-22
-1.85789	-1.82431e-22
-1.85289	-1.82186e-22
-1.84789	-1.81941e-22
-1.84289	-1.81698e-22
-1.83789	-1.81455e-22
-1.83289	-1.81214e-22
-1.82789	-1.80973e-22
-1.82289	-1.80733e-22
-1.81789	-1.80495e-22
-1.81289	-1.80257e-22
-1.80789	-1.8002e-22
-1.80289	-1.79785e-22
-1.79789	-1.7955e-22
-1.79289	-1.79316e-22
-1.78789	-1.79083e-22
-1.78289	-1.78851e-22
-1.77789	-1.7862e-22
-1.77289	-1.78389e-22
-1.76789	-1.7816e-22
-1.76289	-1.77932e-22
-1.75789	-1.77704e-22
-1.75289	-1.77478e-22
-1.74789	-1.77252e-22
-1.74289	-1.77028e-22
-1.73789	-1.76804e-22
-1.73289	-1.76581e-22
-1.72789	-1.76359e-22
-1.72289	-1.76138e-22
-1.71789	-1.75918e-22
-1.71289	-1.75699e-22
-1.70789	-1.75481e-22
-1.70289	-1.75263e-22
-1.69789	-1.75047e-22
-1.69289	-1.74831e-22
-1.68789	-1.74616e-22
-1.68289	-1.74402e-22
-1.67789	-1.74189e-22
-1.67289	-1.73977e-22
-1.66789	-1.73766e-22
-1.66289	-1.73556e-22
-1.65789	-1.73346e-22
-1.65289	-1.73137e-22
-1.64789	-1.7293e-22
-1.64289	-1.72723e-22
-1.63789	-1.72517e-22
-1.63289	-1.72312e-22
-1.62789	-1.72107e-22
-1.62289	-1.71904e-22
-1.61789	-1.71701e-22
-1.61289	-1.71499e-22
-1.60789	-1.71298e-22
-1.60289	-1.71098e-22
-1.59789	-1.70899e-22
-1.59289	-1.70701e-22
-1.58789	-1.70503e-22
-1.58289	-1.70306e-22
-1.57789	-1.70111e-22
-1.57289	-1.69915e-22
-1.56789	-1.69721e-22
-1.56289	-1.69528e-22
-1.55789	-1.69335e-22
-1.55289	-1.69143e-22
-1.54789	-1.68953e-22
-1.54289	-1.68762e-22
-1.53789	-1.68573e-22
-1.53289	-1.68385e-22
-1.52789	-1.68197e-22
-1.52289	-1.6801e-22
-1.51789	-1.67824e-22
-1.51289	-1.67639e-22
-1.50789	-1.67454e-22
-1.50289	-1.67271e-22
-1.49789	-1.67088e-22
-1.49289	-1.66906e-22
-1.48789	-1.66724e-22
-1.48289	-1.66544e-22
-1.47789	-1.66364e-22
-1.47289	-1.66185e-22
-1.46789	-1.66007e-22
-1.46289	-1.6583e-22
-1.45789	-1.65653e-22
-1.45289	-1.65478e-22
-1.44789	-1.65303e-22
-1.44289	-1.65128e-22
-1.43789	-1.64955e-22
-1.43289	-1.64782e-22
-1.42789	-1.6461e-22
-1.42289	-1.64439e-22
-1.41789	-1.64269e-22
-1.41289	-1.64099e-22
-1.40789	-1.63931e-22
-1.40289	-1.63763e-22
-1.39789	-1.63595e-22
-1.39289	-1.63429e-22
-1.38789	-1.63263e-22
-1.38289	-1.63098e-22
-1.37789	-1.62933e-22
-1.37289	-1.6277e-22
-1.36789	-1.62607e-22
-1.36289	-1.62445e-22
-1.35789	-1.62284e-22
-1.35289	-1.62123e-22
-1.34789	-1.61963e-22
-1.34289	-1.61804e-22
-1.33789	-1.61646e-22
-1.33289	-1.61488e-22
-1.32789	-1.61331e-22
-1.32289	-1.61175e-22
-1.31789	-1.6102e-22
-1.31289	-1.60865e-22
-1.30789	-1.60711e-22
-1.30289	-1.60558e-22
-1.29789	-1.60405e-22
-1.29289	-1.60254e-22
-1.28789	-1.60103e-22
-1.28289	-1.59952e-22
-1.27789	-1.59803e-22
-1.27289	-1.59654e-22
-1.26789	-1.59505e-22
-1.26289	-1.59358e-22
-1.25789	-1.59211e-22
-1.25289	-1.59065e-22
-1.24789	-1.5892e-22
-1.24289	-1.58775e-22
-1.23789	-1.58631e-22
-1.23289	-1.58488e-22
-1.22789	-1.58345e-22
-1.22289	-1.58203e-22
-1.21789	-1.58062e-22
-1.21289	-1.57922e-22
-1.20789	-1.57782e-22
-1.20289	-1.57643e-22
-1.19789	-1.57504e-22
-1.19289	-1.57367e-22
-1.18789	-1.57229e-22
-1.18289	-1.57093e-22
-1.17789	-1.56957e-22
-1.17289	-1.56822e-22
-1.16789	-1.56688e-22
-1.16289	-1.56555e-22
-1.15789	-1.56422e-22
-1.15289	-1.56289e-22
-1.14789	-1.56158e-22
-1.14289	-1.56027e-22
-1.13789	-1.55897e-22
-1.13289	-1.55767e-22
-1.12789	-1.55638e-22
-1.12289	-1.5551e-22
-1.11789	-1.55382e-22
-1.11289	-1.55255e-22
-1.10789	-1.55129e-22
-1.10289	-1.55004e-22
-1.09789	-1.54879e-22
-1.09289	-1.54755e-22
-1.08789	-1.54631e-22
-1.08289	-1.54508e-22
-1.07789	-1.54386e-22
-1.07289	-1.54264e-22
-1.06789	-1.54143e-22
-1.06289	-1.54023e-22
-1.05789	-1.53903e-22
-1.05289	-1.53784e-22
-1.04789	-1.53666e-22
-1.04289	-1.53548e-22
-1.03789	-1.53431e-22
-1.03289	-1.53315e-22
-1.02789	-1.53199e-22
-1.02289	-1.53084e-22
-1.01789	-1.52969e-22
-1.01289	-1.52855e-22
-1.00789	-1.52742e-22
-1.00289	-1.5263e-22
-0.997886	-1.52518e-22
-0.992886	-1.52406e-22
-0.987886	-1.52296e-22
-0.982886	-1.52186e-22
-0.977886	-1.52076e-22
-0.972886	-1.51968e-22
-0.967886	-1.51859e-22
-0.962886	-1.51752e-22
-0.957886	-1.51645e-22
-0.952886	-1.51539e-22
-0.947886	-1.51433e-22
-0.942886	-1.51328e-22
-0.937886	-1.51224e-22
-0.932886	-1.5112e-22
-0.927886	-1.51017e-22
-0.922886	-1.50914e-22
-0.917886	-1.50812e-22
-0.912886	-1.50711e-22
-0.907886	-1.5061e-22
-0.902886	-1.5051e-22
-0.897886	-1.50411e-22
-0.892886	-1.50312e-22
-0.887886	-1.50214e-22
-0.882886	-1.50116e-22
-0.877886	-1.50019e-22
-0.872886	-1.49923e-22
-0.867886	-1.49827e-22
-0.862886	-1.49732e-22
-0.857886	-1.49637e-22
-0.852886	-1.49543e-22
-0.847886	-1.4945e-22
-0.842886	-1.49357e-22
-0.837886	-1.49265e-22
-0.832886	-1.49173e-22
-0.827886	-1.49082e-22
-0.822886	-1.48992e-22
-0.817886	-1.48902e-22
-0.812886	-1.48813e-22
-0.807886	-1.48724e-22
-0.802886	-1.48636e-22
-0.797886	-1.48549e-22
-0.792886	-1.48462e-22
-0.787887	-1.48376e-22
-0.782887	-1.4829e-22
-0.777887	-1.48205e-22
-0.772887	-1.48121e-22
-0.767887	-1.48037e-22
-0.762887	-1.47954e-22
-0.757887	-1.47871e-22
-0.752887	-1.47789e-22
-0.747887	-1.47708e-22
-0.742887	-1.47627e-22
-0.737887	-1.47546e-22
-0.732887	-1.47467e-22
-0.727887	-1.47387e-22
-0.722887	-1.47309e-22
-0.717887	-1.47231e-22
-0.712887	-1.47153e-22
-0.707887	-1.47076e-22
-0.702887	-1.47e-22
-0.697887	-1.46924e-22
-0.692887	-1.46849e-22
-0.687887	-1.46775e-22
-0.682887	-1.46701e-22
-0.677887	-1.46627e-22
-0.672887	-1.46555e-22
-0.667887	-1.46482e-22
-0.662887	-1.46411e-22
-0.657887	-1.4634e-22
-0.652887	-1.46269e-22
-0.647887	-1.46199e-22
-0.642887	-1.4613e-22
-0.637887	-1.46061e-22
-0.632887	-1.45993e-22
-0.627887	-1.45925e-22
-0.622887	-1.45858e-22
-0.617887	-1.45791e-22
-0.612887	-1.45725e-22
-0.607887	-1.4566e-22
-0.602887	-1.45595e-22
-0.597887	-1.4553e-22
-0.592887	-1.45467e-22
-0.587887	-1.45404e-22
-0.582887	-1.45341e-22
-0.577887	-1.45279e-22
-0.572887	-1.45217e-22
-0.567887	-1.45156e-22
-0.562887	-1.45096e-22
-0.557887	-1.45036e-22
-0.552887	-1.44977e-22
-0.547887	-1.44918e-22
-0.542887	-1.4486e-22
-0.537887	-1.44802e-22
-0.532887	-1.44745e-22
-0.527887	-1.44689e-22
-0.522887	-1.44633e-22
-0.517887	-1.44577e-22
-0.512887	-1.44522e-22
-0.507887	-1.44468e-22
-0.502887	-1.44414e-22
-0.497887	-1.44361e-22
-0.492887	-1.44309e-22
-0.487887	-1.44256e-22
-0.482887	-1.44205e-22
-0.477887	-1.44154e-22
-0.472887	-1.44103e-22
-0.467887	-1.44053e-22
-0.462887	-1.44004e-22
-0.457887	-1.43955e-22
-0.452887	-1.43907e-22
-0.447887	-1.43859e-22
-0.442887	-1.43812e-22
-0.437887	-1.43765e-22
-0.432887	-1.43719e-22
-0.427887	-1.43674e-22
-0.422887	-1.43629e-22
-0.417887	-1.43584e-22
-0.412887	-1.4354e-22
-0.407887	-1.43497e-22
-0.402887	-1.43454e-22
-0.397887	-1.43412e-22
-0.392887	-1.4337e-22
-0.387887	-1.43329e-22
-0.382887	-1.43288e-22
-0.377887	-1.43248e-22
-0.372887	-1.43208e-22
-0.367887	-1.43169e-22
-0.362887	-1.43131e-22
-0.357887	-1.43093e-22
-0.352887	-1.43055e-22
-0.347887	-1.43018e-22
-0.342887	-1.42982e-22
-0.337887	-1.42946e-22
-0.332887	-1.42911e-22
-0.327887	-1.42876e-22
-0.322887	-1.42842e-22
-0.317887	-1.42808e-22
-0.312887	-1.42775e-22
-0.307887	-1.42742e-22
-0.302887	-1.4271e-22
-0.297887	-1.42678e-22
-0.292887	-1.42647e-22
-0.287887	-1.42617e-22
-0.282887	-1.42587e-22
-0.277887	-1.42557e-22
-0.272887	-1.42528e-22
-0.267887	-1.425e-22
-0.262887	-1.42472e-22
-0.257887	-1.42445e-22
-0.252887	-1.42418e-22
-0.247887	-1.42391e-22
-0.242887	-1.42366e-22
-0.237887	-1.42341e-22
-0.232887	-1.42316e-22
-0.227887	-1.42292e-22
-0.222887	-1.42268e-22
-0.217887	-1.42245e-22
-0.212887	-1.42222e-22
-0.207887	-1.422e-22
-0.202887	-1.42179e-22
-0.197887	-1.42158e-22
-0.192887	-1.42137e-22
-0.187887	-1.42117e-22
-0.182887	-1.42098e-22
-0.177887	-1.42079e-22
-0.172887	-1.42061e-22
-0.167887	-1.42043e-22
-0.162887	-1.42025e-22
-0.157887	-1.42009e-22
-0.152887	-1.41992e-22
-0.147887	-1.41977e-22
-0.142887	-1.41961e-22
-0.137887	-1.41947e-22
-0.132887	-1.41932e-22
-0.127887	-1.41919e-22
-0.122887	-1.41906e-22
-0.117887	-1.41893e-22
-0.112887	-1.41881e-22
-0.107887	-1.41869e-22
-0.102887	-1.41858e-22
-0.0978871	-1.41848e-22
-0.0928871	-1.41838e-22
-0.0878871	-1.41829e-22
-0.0828871	-1.4182e-22
-0.0778871	-1.41811e-22
-0.0728871	-1.41803e-22
-0.0678871	-1.41796e-22
-0.0628871	-1.41789e-22
-0.0578871	-1.41783e-22
-0.0528871	-1.41777e-22
-0.0478871	-1.41772e-22
-0.0428871	-1.41767e-22
-0.0378871	-1.41763e-22
-0.0328871	-1.41759e-22
-0.0278871	-1.41756e-22
-0.0228871	-1.41753e-22
-0.0178871	-1.41751e-22
-0.0128871	-1.41749e-22
-0.0078871	-1.41748e-22
-0.0028871	-1.41748e-22
0.0021129	-1.41748e-22
0.0071129	-1.41748e-22
0.0121129	-1.41749e-22
0.0171129	-1.41751e-22
0.0221129	-1.41753e-22
0.0271129	-1.41755e-22
0.0321129	-1.41759e-22
0.0371129	-1.41762e-22
0.0421129	-1.41766e-22
0.0471129	-1.41771e-22
0.0521129	-1.41776e-22
0.0571129	-1.41782e-22
0.0621129	-1.41788e-22
0.0671129	-1.41795e-22
0.0721129	-1.41802e-22
0.0771129	-1.4181e-22
0.0821129	-1.41818e-22
0.0871129	-1.41827e-22
0.0921129	-1.41836e-22
0.0971129	-1.41846e-22
0.102113	-1.41857e-22
0.107113	-1.41868e-22
0.112113	-1.41879e-22
0.117113	-1.41891e-22
0.122113	-1.41904e-22
0.127113	-1.41917e-22
0.132113	-1.4193e-22
0.137113	-1.41944e-22
0.142113	-1.41959e-22
0.147113	-1.41974e-22
0.152113	-1.4199e-22
0.157113	-1.42006e-22
0.162113	-1.42023e-22
0.167113	-1.4204e-22
0.172113	-1.42058e-22
0.177113	-1.42076e-22
0.182113	-1.42095e-22
0.187113	-1.42114e-22
0.192113	-1.42134e-22
0.197113	-1.42154e-22
0.202113	-1.42175e-22
0.207113	-1.42197e-22
0.212113	-1.42219e-22
0.217113	-1.42241e-22
0.222113	-1.42264e-22
0.227113	-1.42288e-22
0.232113	-1.42312e-22
0.237113	-1.42337e-22
0.242113	-1.42362e-22
0.247113	-1.42387e-22
0.252113	-1.42414e-22
0.257113	-1.4244e-22
0.262113	-1.42468e-22
0.267113	-1.42495e-22
0.272113	-1.42524e-22
0.277113	-1.42553e-22
0.282113	-1.42582e-22
0.287113	-1.42612e-22
0.292113	-1.42642e-22
0.297113	-1.42673e-22
0.302113	-1.42705e-22
0.307113	-1.42737e-22
0.312113	-1.4277e-22
0.317113	-1.42803e-22
0.322113	-1.42836e-22
0.327113	-1.4287e-22
0.332113	-1.42905e-22
0.337113	-1.4294e-22
0.342113	-1.42976e-22
0.347113	-1.43013e-22
0.352113	-1.43049e-22
0.357113	-1.43087e-22
0.362113	-1.43125e-22
0.367113	-1.43163e-22
0.372113	-1.43202e-22
0.377113	-1.43242e-22
0.382113	-1.43282e-22
0.387113	-1.43322e-22
0.392113	-1.43364e-22
0.397113	-1.43405e-22
0.402113	-1.43447e-22
0.407113	-1.4349e-22
0.412113	-1.43534e-22
0.417113	-1.43577e-22
0.422113	-1.43622e-22
0.427113	-1.43667e-22
0.432113	-1.43712e-22
0.437113	-1.43758e-22
0.442113	-1.43805e-22
0.447113	-1.43852e-22
0.452113	-1.439e-22
0.457113	-1.43948e-22
0.462113	-1.43996e-22
0.467113	-1.44046e-22
0.472113	-1.44096e-22
0.477113	-1.44146e-22
0.482113	-1.44197e-22
0.487113	-1.44248e-22
0.492113	-1.443e-22
0.497113	-1.44353e-22
0.502113	-1.44406e-22
0.507113	-1.4446e-22
0.512113	-1.44514e-22
0.517113	-1.44569e-22
0.522113	-1.44624e-22
0.527113	-1.4468e-22
0.532113	-1.44736e-22
0.537113	-1.44793e-22
0.542113	-1.44851e-22
0.547113	-1.44909e-22
0.552113	-1.44968e-22
0.557113	-1.45027e-22
0.562113	-1.45087e-22
0.567113	-1.45147e-22
0.572113	-1.45208e-22
0.577112	-1.45269e-22
0.582112	-1.45331e-22
0.587112	-1.45394e-22
0.592112	-1.45457e-22
0.597112	-1.45521e-22
0.602112	-1.45585e-22
0.607112	-1.4565e-22
0.612112	-1.45715e-22
0.617112	-1.45781e-22
0.622112	-1.45847e-22
0.627112	-1.45914e-22
0.632112	-1.45982e-22
0.637112	-1.4605e-22
0.642112	-1.46119e-22
0.647112	-1.46188e-22
0.652112	-1.46258e-22
0.657112	-1.46329e-22
0.662112	-1.464e-22
0.667112	-1.46471e-22
0.672112	-1.46543e-22
0.677112	-1.46616e-22
0.682112	-1.46689e-22
0.687112	-1.46763e-22
0.692112	-1.46838e-22
0.697112	-1.46913e-22
0.702112	-1.46988e-22
0.707112	-1.47065e-22
0.712112	-1.47141e-22
0.717112	-1.47219e-22
0.722112	-1.47297e-22
0.727112	-1.47375e-22
0.732112	-1.47454e-22
0.737112	-1.47534e-22
0.742112	-1.47614e-22
0.747112	-1.47695e-22
0.752112	-1.47776e-22
0.757112	-1.47858e-22
0.762112	-1.47941e-22
0.767112	-1.48024e-22
0.772112	-1.48108e-22
0.777112	-1.48192e-22
0.782112	-1.48277e-22
0.787112	-1.48363e-22
0.792112	-1.48449e-22
0.797112	-1.48535e-22
0.802112	-1.48623e-22
0.807112	-1.48711e-22
0.812112	-1.48799e-22
0.817112	-1.48888e-22
0.822112	-1.48978e-22
0.827112	-1.49068e-22
0.832112	-1.49159e-22
0.837112	-1.49251e-22
0.842112	-1.49343e-22
0.847112	-1.49435e-22
0.852112	-1.49529e-22
0.857112	-1.49622e-22
0.862112	-1.49717e-22
0.867112	-1.49812e-22
0.872112	-1.49908e-22
0.877112	-1.50004e-22
0.882112	-1.50101e-22
0.887112	-1.50199e-22
0.892112	-1.50297e-22
0.897112	-1.50395e-22
0.902112	-1.50495e-22
0.907112	-1.50595e-22
0.912112	-1.50695e-22
0.917112	-1.50797e-22
0.922112	-1.50898e-22
0.927112	-1.51001e-22
0.932112	-1.51104e-22
0.937112	-1.51208e-22
0.942112	-1.51312e-22
0.947112	-1.51417e-22
0.952112	-1.51522e-22
0.957112	-1.51628e-22
0.962112	-1.51735e-22
0.967112	-1.51843e-22
0.972112	-1.51951e-22
0.977112	-1.52059e-22
0.982112	-1.52169e-22
0.987112	-1.52279e-22
0.992112	-1.52389e-22
0.997112	-1.525e-22
1.00211	-1.52612e-22
1.00711	-1.52725e-22
1.01211	-1.52838e-22
1.01711	-1.52952e-22
1.02211	-1.53066e-22
1.02711	-1.53181e-22
1.03211	-1.53297e-22
1.03711	-1.53413e-22
1.04211	-1.5353e-22
1.04711	-1.53648e-22
1.05211	-1.53766e-22
1.05711	-1.53885e-22
1.06211	-1.54004e-22
1.06711	-1.54125e-22
1.07211	-1.54245e-22
1.07711	-1.54367e-22
1.08211	-1.54489e-22
1.08711	-1.54612e-22
1.09211	-1.54735e-22
1.09711	-1.5486e-22
1.10211	-1.54984e-22
1.10711	-1.5511e-22
1.11211	-1.55236e-22
1.11711	-1.55363e-22
1.12211	-1.5549e-22
1.12711	-1.55618e-22
1.13211	-1.55747e-22
1.13711	-1.55877e-22
1.14211	-1.56007e-22
1.14711	-1.56137e-22
1.15211	-1.56269e-22
1.15711	-1.56401e-22
1.16211	-1.56534e-22
1.16711	-1.56667e-22
1.17211	-1.56802e-22
1.17711	-1.56937e-22
1.18211	-1.57072e-22
1.18711	-1.57208e-22
1.19211	-1.57345e-22
1.19711	-1.57483e-22
1.20211	-1.57621e-22
1.20711	-1.5776e-22
1.21211	-1.579e-22
1.21711	-1.5804e-22
1.22211	-1.58181e-22
1.22711	-1.58323e-22
1.23211	-1.58466e-22
1.23711	-1.58609e-22
1.24211	-1.58753e-22
1.24711	-1.58897e-22
1.25211	-1.59042e-22
1.25711	-1.59188e-22
1.26211	-1.59335e-22
1.26711	-1.59482e-22
1.27211	-1.59631e-22
1.27711	-1.59779e-22
1.28211	-1.59929e-22
1.28711	-1.60079e-22
1.29211	-1.6023e-22
1.29711	-1.60382e-22
1.30211	-1.60534e-22
1.30711	-1.60687e-22
1.31211	-1.60841e-22
1.31711	-1.60996e-22
1.32211	-1.61151e-22
1.32711	-1.61307e-22
1.33211	-1.61464e-22
1.33711	-1.61621e-22
1.34211	-1.6178e-22
1.34711	-1.61939e-22
1.35211	-1.62098e-22
1.35711	-1.62259e-22
1.36211	-1.6242e-22
1.36711	-1.62582e-22
1.37211	-1.62745e-22
1.37711	-1.62908e-22
1.38211	-1.63072e-22
1.38711	-1.63237e-22
1.39211	-1.63403e-22
1.39711	-1.63569e-22
1.40211	-1.63737e-22
1.40711	-1.63904e-22
1.41211	-1.64073e-22
1.41711	-1.64243e-22
1.42211	-1.64413e-22
1.42711	-1.64584e-22
1.43211	-1.64756e-22
1.43711	-1.64928e-22
1.44211	-1.65102e-22
1.44711	-1.65276e-22
1.45211	-1.65451e-22
1.45711	-1.65626e-22
1.46211	-1.65803e-22
1.46711	-1.6598e-22
1.47211	-1.66158e-22
1.47711	-1.66337e-22
1.48211	-1.66516e-22
1.48711	-1.66696e-22
1.49211	-1.66878e-22
1.49711	-1.6706e-22
1.50211	-1.67242e-22
1.50711	-1.67426e-22
1.51211	-1.6761e-22
1.51711	-1.67795e-22
1.52211	-1.67981e-22
1.52711	-1.68168e-22
1.53211	-1.68356e-22
1.53711	-1.68544e-22
1.54211	-1.68733e-22
1.54711	-1.68923e-22
1.55211	-1.69114e-22
1.55711	-1.69306e-22
1.56211	-1.69498e-22
1.56711	-1.69691e-22
1.57211	-1.69885e-22
1.57711	-1.7008e-22
1.58211	-1.70276e-22
1.58711	-1.70473e-22
1.59211	-1.7067e-22
1.59711	-1.70868e-22
1.60211	-1.71067e-22
1.60711	-1.71267e-22
1.61211	-1.71468e-22
1.61711	-1.7167e-22
1.62211	-1.71872e-22
1.62711	-1.72076e-22
1.63211	-1.7228e-22
1.63711	-1.72485e-22
1.64211	-1.72691e-22
1.64711	-1.72898e-22
1.65211	-1.73105e-22
1.65711	-1.73314e-22
1.66211	-1.73523e-22
1.66711	-1.73733e-22
1.67211	-1.73944e-22
1.67711	-1.74156e-22
1.68211	-1.74369e-22
1.68711	-1.74583e-22
1.69211	-1.74798e-22
1.69711	-1.75013e-22
1.70211	-1.7523e-22
1.70711	-1.75447e-22
1.71211	-1.75665e-22
1.71711	-1.75884e-22
1.72211	-1.76104e-22
1.72711	-1.76325e-22
1.73211	-1.76547e-22
1.73711	-1.76769e-22
1.74211	-1.76993e-22
1.74711	-1.77218e-22
1.75211	-1.77443e-22
1.75711	-1.77669e-22
1.76211	-1.77897e-22
1.76711	-1.78125e-22
1.77211	-1.78354e-22
1.77711	-1.78584e-22
1.78211	-1.78815e-22
1.78711	-1.79047e-22
1.79211	-1.7928e-22
1.79711	-1.79513e-22
1.80211	-1.79748e-22
1.80711	-1.79984e-22
1.81211	-1.8022e-22
1.81711	-1.80458e-22
1.82211	-1.80696e-22
1.82711	-1.80936e-22
1.83211	-1.81176e-22
1.83711	-1.81418e-22
1.84211	-1.8166e-22
1.84711	-1.81903e-22
1.85211	-1.82148e-22
1.85711	-1.82393e-22
1.86211	-1.82639e-22
1.86711	-1.82886e-22
1.87211	-1.83135e-22
1.87711	-1.83384e-22
1.88211	-1.83634e-22
1.88711	-1.83885e-22
1.89211	-1.84137e-22
1.89711	-1.84391e-22
1.90211	-1.84645e-22
1.90711	-1.849e-22
1.91211	-1.85156e-22
1.91711	-1.85413e-22
1.92211	-1.85671e-22
1.92711	-1.85931e-22
1.93211	-1.86191e-22
1.93711	-1.86452e-22
1.94211	-1.86714e-22
1.94711	-1.86978e-22
1.95211	-1.87242e-22
1.95711	-1.87507e-22
1.96211	-1.87774e-22
1.96711	-1.88041e-22
1.97211	-1.8831e-22
1.97711	-1.88579e-22
1.98211	-1.8885e-22
1.98711	-1.89122e-22
1.99211	-1.89394e-22
1.99711	-1.89668e-22
2.00211	-1.89943e-22
2.00711	-1.90219e-22
2.01211	-1.90496e-22
2.01711	-1.90774e-22
2.02211	-1.91053e-22
2.02711	-1.91333e-22
2.03211	-1.91615e-22
2.03711	-1.91897e-22
2.04211	-1.92181e-22
2.04711	-1.92465e-22
2.05211	-1.92751e-22
2.05711	-1.93038e-22
2.06211	-1.93326e-22
2.06711	-1.93615e-22
2.07211	-1.93905e-22
2.07711	-1.94196e-22
2.08211	-1.94488e-22
2.08711	-1.94782e-22
2.09211	-1.95077e-22
2.09711	-1.95372e-22
2.10211	-1.95669e-22
2.10711	-1.95967e-22
2.11211	-1.96266e-22
2.11711	-1.96567e-22
2.12211	-1.96868e-22
2.12711	-1.97171e-22
2.13211	-1.97475e-22
2.13711	-1.9778e-22
2.14211	-1.98086e-22
2.14711	-1.98393e-22
2.15211	-1.98702e-22
2.15711	-1.99011e-22
2.16211	-1.99322e-22
2.16711	-1.99634e-22
2.17212	-1.99947e-22
2.17712	-2.00262e-22
2.18212	-2.00577e-22
2.18712	-2.00894e-22
2.19212	-2.01212e-22
2.19712	-2.01532e-22
2.20212	-2.01852e-22
2.20712	-2.02174e-22
2.21212	-2.02497e-22
2.21712	-2.02821e-22
2.22212	-2.03146e-22
2.22712	-2.03473e-22
2.23212	-2.03801e-22
2.23712	-2.0413e-22
2.24212	-2.0446e-22
2.24712	-2.04792e-22
2.25212	-2.05124e-22
2.25712	-2.05459e-22
2.26212	-2.05794e-22
2.26712	-2.06131e-22
2.27212	-2.06469e-22
2.27712	-2.06808e-22
2.28212	-2.07148e-22
2.28712	-2.0749e-22
2.29212	-2.07833e-22
2.29712	-2.08178e-22
2.30212	-2.08523e-22
2.30712	-2.0887e-22
2.31212	-2.09218e-22
2.31712	-2.09568e-22
2.32212	-2.09919e-22
2.32712	-2.10271e-22
2.33212	-2.10625e-22
2.33712	-2.1098e-22
2.34212	-2.11336e-22
2.34712	-2.11694e-22
2.35212	-2.12053e-22
2.35712	-2.12413e-22
2.36212	-2.12775e-22
2.36712	-2.13138e-22
2.37212	-2.13502e-22
2.37712	-2.13868e-22
2.38212	-2.14235e-22
2.38712	-2.14604e-22
2.39212	-2.14973e-22
2.39712	-2.15345e-22
2.40212	-2.15718e-22
2.40712	-2.16092e-22
2.41212	-2.16467e-22
2.41712	-2.16844e-22
2.42212	-2.17223e-22
2.42712	-2.17602e-22
2.43212	-2.17984e-22
2.43712	-2.18366e-22
2.44212	-2.1875e-22
2.44712	-2.19136e-22
2.45212	-2.19523e-22
2.45712	-2.19911e-22
2.46212	-2.20301e-22
2.46712	-2.20692e-22
2.47212	-2.21085e-22
2.47712	-2.2148e-22
2.48212	-2.21875e-22
2.48712	-2.22273e-22
2.49212	-2.22671e-22
2.49712	-2.23072e-22
2.50212	-2.23474e-22
2.50712	-2.23877e-22
2.51212	-2.24282e-22
2.51712	-2.24688e-22
2.52212	-2.25096e-22
2.52712	-2.25505e-22
2.53212	-2.25916e-22
2.53712	-2.26328e-22
2.54212	-2.26742e-22
2.54712	-2.27158e-22
2.55212	-2.27575e-22
2.55712	-2.27994e-22
2.56212	-2.28414e-22
2.56712	-2.28836e-22
2.57212	-2.29259e-22
2.57712	-2.29684e-22
2.58212	-2.30111e-22
2.58712	-2.30539e-22
2.59212	-2.30969e-22
2.59712	-2.314e-22
2.60212	-2.31833e-22
2.60713	-2.32268e-22
2.61213	-2.32704e-22
2.61713	-2.33142e-22
2.62213	-2.33582e-22
2.62713	-2.34023e-22
2.63213	-2.34466e-22
2.63713	-2.34911e-22
2.64213	-2.35357e-22
2.64713	-2.35805e-22
2.65213	-2.36254e-22
2.65713	-2.36706e-22
2.66213	-2.37158e-22
2.66713	-2.37613e-22
2.67213	-2.3807e-22
2.67713	-2.38528e-22
2.68213	-2.38987e-22
2.68713	-2.39449e-22
2.69213	-2.39912e-22
2.69713	-2.40377e-22
2.70213	-2.40844e-22
2.70713	-2.41312e-22
2.71213	-2.41783e-22
2.71713	-2.42255e-22
2.72213	-2.42729e-22
2.72713	-2.43204e-22
2.73213	-2.43682e-22
2.73713	-2.44161e-22
2.74213	-2.44642e-22
2.74713	-2.45124e-22
2.75213	-2.45609e-22
2.75713	-2.46095e-22
2.76213	-2.46584e-22
2.76713	-2.47074e-22
2.77213	-2.47566e-22
2.77713	-2.4806e-22
2.78213	-2.48555e-22
2.78713	-2.49053e-22
2.79213	-2.49552e-22
2.79713	-2.50053e-22
2.80213	-2.50556e-22
2.80713	-2.51062e-22
2.81213	-2.51568e-22
2.81713	-2.52077e-22
2.82213	-2.52588e-22
2.82713	-2.53101e-22
2.83213	-2.53615e-22
2.83713	-2.54132e-22
2.84213	-2.54651e-22
2.84713	-2.55171e-22
2.85213	-2.55693e-22
2.85713	-2.56218e-22
2.86213	-2.56744e-22
2.86713	-2.57273e-22
2.87213	-2.57803e-22
2.87713	-2.58335e-22
2.88213	-2.5887e-22
2.88713	-2.59406e-22
2.89213	-2.59945e-22
2.89713	-2.60485e-22
2.90213	-2.61028e-22
2.90713	-2.61572e-22
2.91213	-2.62119e-22
2.91713	-2.62668e-22
2.92213	-2.63218e-22
2.92713	-2.63771e-22
2.93213	-2.64326e-22
2.93713	-2.64883e-22
2.94213	-2.65442e-22
2.94713	-2.66004e-22
2.95213	-2.66567e-22
2.95713	-2.67133e-22
2.96213	-2.677e-22
2.96713	-2.6827e-22
2.97213	-2.68842e-22
2.97713	-2.69416e-22
2.98213	-2.69993e-22
2.98713	-2.70571e-22
2.99213	-2.71152e-22
2.99713	-2.71735e-22
3.00213	-2.7232e-22
3.00713	-2.72908e-22
3.01213	-2.73497e-22
3.01713	-2.74089e-22
3.02213	-2.74683e-22
3.02713	-2.7528e-22
3.03213	-2.75878e-22
3.03713	-2.76479e-22
3.04214	-2.77082e-22
3.04714	-2.77688e-22
3.05214	-2.78296e-22
3.05714	-2.78906e-22
3.06214	-2.79518e-22
3.06714	-2.80133e-22
3.07214	-2.8075e-22
3.07714	-2.8137e-22
3.08214	-2.81992e-22
3.08714	-2.82616e-22
3.09214	-2.83243e-22
3.09714	-2.83872e-22
3.10214	-2.84503e-22
3.10714	-2.85137e-22
3.11214	-2.85773e-22
3.11714	-2.86412e-22
3.12214	-2.87053e-22
3.12714	-2.87697e-22
3.13214	-2.88343e-22
3.13714	-2.88991e-22
3.14214	-2.89642e-22
3.14714	-2.90296e-22
3.15214	-2.90952e-22
3.15714	-2.91611e-22
3.16214	-2.92272e-22
3.16714	-2.92935e-22
3.17214	-2.93602e-22
3.17714	-2.9427e-22
3.18214	-2.94942e-22
3.18714	-2.95615e-22
3.19214	-2.96292e-22
3.19714	-2.96971e-22
3.20214	-2.97653e-22
3.20714	-2.98337e-22
3.21214	-2.99024e-22
3.21714	-2.99714e-22
3.22214	-3.00406e-22
3.22714	-3.01101e-22
3.23214	-3.01799e-22
3.23714	-3.02499e-22
3.24214	-3.03202e-22
3.24714	-3.03908e-22
3.25214	-3.04616e-22
3.25714	-3.05327e-22
3.26214	-3.06041e-22
3.26714	-3.06758e-22
3.27214	-3.07478e-22
3.27714	-3.082e-22
3.28214	-3.08925e-22
3.28714	-3.09653e-22
3.29214	-3.10384e-22
3.29714	-3.11117e-22
3.30214	-3.11854e-22
3.30714	-3.12593e-22
3.31214	-3.13335e-22
3.31714	-3.1408e-22
3.32214	-3.14828e-22
3.32714	-3.15579e-22
3.33214	-3.16332e-22
3.33714	-3.17089e-22
3.34214	-3.17849e-22
3.34714	-3.18611e-22
3.35214	-3.19377e-22
3.35714	-3.20145e-22
3.36214	-3.20917e-22
3.36714	-3.21692e-22
3.37214	-3.22469e-22
3.37714	-3.2325e-22
3.38214	-3.24033e-22
3.38714	-3.2482e-22
3.39214	-3.2561e-22
3.39714	-3.26403e-22
3.40214	-3.27199e-22
3.40714	-3.27998e-22
3.41214	-3.288e-22
3.41714	-3.29605e-22
3.42214	-3.30414e-22
3.42714	-3.31226e-22
3.43214	-3.32041e-22
3.43714	-3.32859e-22
3.44214	-3.3368e-22
3.44714	-3.34505e-22
3.45214	-3.35332e-22
3.45714	-3.36163e-22
3.46214	-3.36998e-22
3.46714	-3.37835e-22
3.47214	-3.38676e-22
3.47714	-3.3952e-22
3.48215	-3.40368e-22
3.48715	-3.41219e-22
3.49215	-3.42073e-22
3.49715	-3.42931e-22
3.50215	-3.43792e-22
3.50715	-3.44656e-22
3.51215	-3.45524e-22
3.51715	-3.46395e-22
3.52215	-3.4727e-22
3.52715	-3.48148e-22
3.53215	-3.4903e-22
3.53715	-3.49915e-22
3.54215	-3.50804e-22
3.54715	-3.51696e-22
3.55215	-3.52591e-22
3.55715	-3.53491e-22
3.56215	-3.54394e-22
3.56715	-3.553e-22
3.57215	-3.5621e-22
3.57715	-3.57124e-22
3.58215	-3.58041e-22
3.58715	-3.58962e-22
3.59215	-3.59887e-22
3.59715	-3.60815e-22
3.60215	-3.61747e-22
3.60715	-3.62683e-22
3.61215	-3.63622e-22
3.61715	-3.64565e-22
3.62215	-3.65512e-22
3.62715	-3.66463e-22
3.63215	-3.67418e-22
3.63715	-3.68376e-22
3.64215	-3.69338e-22
3.64715	-3.70304e-22
3.65215	-3.71274e-22
3.65715	-3.72248e-22
3.66215	-3.73226e-22
3.66715	-3.74208e-22
3.67215	-3.75193e-22
3.67715	-3.76183e-22
3.68215	-3.77177e-22
3.68715	-3.78174e-22
3.69215	-3.79176e-22
3.69715	-3.80181e-22
3.70215	-3.81191e-22
3.70715	-3.82205e-22
3.71215	-3.83223e-22
3.71715	-3.84244e-22
3.72215	-3.85271e-22
3.72715	-3.86301e-22
3.73215	-3.87335e-22
3.73715	-3.88374e-22
3.74215	-3.89416e-22
3.74715	-3.90463e-22
3.75215	-3.91515e-22
3.75715	-3.9257e-22
3.76215	-3.9363e-22
3.76715	-3.94694e-22
3.77215	-3.95762e-22
3.77715	-3.96835e-22
3.78215	-3.97912e-22
3.78715	-3.98993e-22
3.79215	-4.00079e-22
3.79715	-4.01169e-22
3.80215	-4.02264e-22
3.80715	-4.03363e-22
3.81215	-4.04467e-22
3.81715	-4.05575e-22
3.82215	-4.06688e-22
3.82715	-4.07805e-22
3.83215	-4.08927e-22
3.83715	-4.10053e-22
3.84215	-4.11184e-22
3.84715	-4.12319e-22
3.85215	-4.1346e-22
3.85715	-4.14605e-22
3.86215	-4.15754e-22
3.86715	-4.16908e-22
3.87215	-4.18067e-22
3.87715	-4.19231e-22
3.88215	-4.204e-22
3.88715	-4.21573e-22
3.89215	-4.22751e-22
3.89715	-4.23934e-22
3.90215	-4.25122e-22
3.90715	-4.26315e-22
3.91215	-4.27512e-22
3.91716	-4.28715e-22
3.92216	-4.29923e-22
3.92716	-4.31135e-22
3.93216	-4.32353e-22
3.93716	-4.33575e-22
3.94216	-4.34803e-22
3.94716	-4.36036e-22
3.95216	-4.37273e-22
3.95716	-4.38516e-22
3.96216	-4.39764e-22
3.96716	-4.41017e-22
3.97216	-4.42276e-22
3.97716	-4.43539e-22
3.98216	-4.44808e-22
3.98716	-4.46082e-22
3.99216	-4.47362e-22
3.99716	-4.48647e-22
4.00216	-4.49937e-22
4.00716	-4.51232e-22
4.01216	-4.52533e-22
4.01716	-4.53839e-22
4.02216	-4.55151e-22
4.02716	-4.56468e-22
4.03216	-4.5779e-22
4.03716	-4.59119e-22
4.04216	-4.60452e-22
4.04716	-4.61792e-22
4.05216	-4.63136e-22
4.05716	-4.64487e-22
4.06216	-4.65843e-22
4.06716	-4.67205e-22
4.07216	-4.68572e-22
4.07716	-4.69946e-22
4.08216	-4.71324e-22
4.08716	-4.72709e-22
4.09216	-4.741e-22
4.09716	-4.75496e-22
4.10216	-4.76898e-22
4.10716	-4.78307e-22
4.11216	-4.79721e-22
4.11716	-4.81141e-22
4.12216	-4.82567e-22
4.12716	-4.83999e-22
4.13216	-4.85437e-22
4.13716	-4.86881e-22
4.14216	-4.88331e-22
4.14716	-4.89787e-22
4.15216	-4.9125e-22
4.15716	-4.92718e-22
4.16216	-4.94193e-22
4.16716	-4.95674e-22
4.17216	-4.97161e-22
4.17716	-4.98655e-22
4.18216	-5.00155e-22
4.18716	-5.01661e-22
4.19216	-5.03174e-22
4.19716	-5.04693e-22
4.20216	-5.06218e-22
4.20716	-5.0775e-22
4.21216	-5.09288e-22
4.21716	-5.10833e-22
4.22216	-5.12385e-22
4.22716	-5.13943e-22
4.23216	-5.15508e-22
4.23716	-5.17079e-22
4.24216	-5.18657e-22
4.24716	-5.20242e-22
4.25216	-5.21834e-22
4.25716	-5.23432e-22
4.26216	-5.25037e-22
4.26716	-5.26649e-22
4.27216	-5.28268e-22
4.27716	-5.29894e-22
4.28216	-5.31527e-22
4.28716	-5.33166e-22
4.29216	-5.34813e-22
4.29716	-5.36467e-22
4.30216	-5.38128e-22
4.30716	-5.39796e-22
4.31216	-5.41471e-22
4.31716	-5.43153e-22
4.32216	-5.44843e-22
4.32716	-5.46539e-22
4.33216	-5.48243e-22
4.33716	-5.49955e-22
4.34216	-5.51673e-22
4.34716	-5.53399e-22
4.35216	-5.55133e-22
4.35716	-5.56874e-22
4.36216	-5.58622e-22
4.36717	-5.60378e-22
4.37217	-5.62142e-22
4.37717	-5.63913e-22
4.38217	-5.65691e-22
4.38717	-5.67478e-22
4.39217	-5.69272e-22
4.39717	-5.71074e-22
4.40217	-5.72883e-22
4.40717	-5.74701e-22
4.41217	-5.76526e-22
4.41717	-5.78359e-22
4.42217	-5.802e-22
4.42717	-5.82049e-22
4.43217	-5.83906e-22
4.43717	-5.85771e-22
4.44217	-5.87644e-22
4.44717	-5.89525e-22
4.45217	-5.91415e-22
4.45717	-5.93312e-22
4.46217	-5.95218e-22
4.46717	-5.97132e-22
4.47217	-5.99054e-22
4.47717	-6.00985e-22
4.48217	-6.02924e-22
4.48717	-6.04871e-22
4.49217	-6.06827e-22
4.49717	-6.08792e-22
4.50217	-6.10765e-22
4.50717	-6.12746e-22
4.51217	-6.14736e-22
4.51717	-6.16735e-22
4.52217	-6.18742e-22
4.52717	-6.20759e-22
4.53217	-6.22784e-22
4.53717	-6.24817e-22
4.54217	-6.2686e-22
4.54717	-6.28912e-22
4.55217	-6.30972e-22
4.55717	-6.33042e-22
4.56217	-6.3512e-22
4.56717	-6.37208e-22
4.57217	-6.39304e-22
4.57717	-6.4141e-22
4.58217	-6.43525e-22
4.58717	-6.45649e-22
4.59217	-6.47783e-22
4.59717	-6.49926e-22
4.60217	-6.52078e-22
4.60717	-6.54239e-22
4.61217	-6.5641e-22
4.61717	-6.58591e-22
4.62217	-6.60781e-22
4.62717	-6.62981e-22
4.63217	-6.6519e-22
4.63717	-6.67409e-22
4.64217	-6.69637e-22
4.64717	-6.71876e-22
4.65217	-6.74124e-22
4.65717	-6.76382e-22
4.66217	-6.7865e-22
4.66717	-6.80928e-22
4.67217	-6.83215e-22
4.67717	-6.85513e-22
4.68217	-6.87821e-22
4.68717	-6.90139e-22
4.69217	-6.92467e-22
4.69717	-6.94805e-22
4.70217	-6.97154e-22
4.70717	-6.99513e-22
4.71217	-7.01882e-22
4.71717	-7.04262e-22
4.72217	-7.06652e-22
4.72717	-7.09052e-22
4.73217	-7.11463e-22
4.73717	-7.13885e-22
4.74217	-7.16317e-22
4.74717	-7.1876e-22
4.75217	-7.21213e-22
4.75717	-7.23678e-22
4.76217	-7.26153e-22
4.76717	-7.28639e-22
4.77217	-7.31136e-22
4.77717	-7.33644e-22
4.78217	-7.36162e-22
4.78717	-7.38692e-22
4.79217	-7.41233e-22
4.79717	-7.43785e-22
4.80218	-7.46348e-22
4.80718	-7.48923e-22
4.81218	-7.51509e-22
4.81718	-7.54106e-22
4.82218	-7.56714e-22
4.82718	-7.59334e-22
4.83218	-7.61966e-22
4.83718	-7.64608e-22
4.84218	-7.67263e-22
4.84718	-7.69929e-22
4.85218	-7.72607e-22
4.85718	-7.75296e-22
4.86218	-7.77997e-22
4.86718	-7.8071e-22
4.87218	-7.83435e-22
4.87718	-7.86172e-22
4.88218	-7.88921e-22
4.88718	-7.91682e-22
4.89218	-7.94454e-22
4.89718	-7.97239e-22
4.90218	-8.00036e-22
4.90718	-8.02846e-22
4.91218	-8.05667e-22
4.91718	-8.08501e-22
4.92218	-8.11347e-22
4.92718	-8.14206e-22
4.93218	-8.17077e-22
4.93718	-8.1996e-22
4.94218	-8.22857e-22
4.94718	-8.25765e-22
4.95218	-8.28687e-22
4.95718	-8.31621e-22
4.96218	-8.34567e-22
4.96718	-8.37527e-22
4.97218	-8.40499e-22
4.97718	-8.43485e-22
4.98218	-8.46483e-22
4.98718	-8.49494e-22
4.99218	-8.52518e-22
4.99718	-8.55556e-22
5.00218	-8.58606e-22
5.00718	-8.6167e-22
5.01218	-8.64746e-22
5.01718	-8.67837e-22
5.02218	-8.7094e-22
5.02718	-8.74057e-22
5.03218	-8.77187e-22
5.03718	-8.80331e-22
5.04218	-8.83488e-22
5.04718	-8.86659e-22
5.05218	-8.89843e-22
5.05718	-8.93041e-22
5.06218	-8.96253e-22
5.06718	-8.99479e-22
5.07218	-9.02718e-22
5.07718	-9.05971e-22
5.08218	-9.09238e-22
5.08718	-9.12519e-22
5.09218	-9.15814e-22
5.09718	-9.19123e-22
5.10218	-9.22446e-22
5.10718	-9.25783e-22
5.11218	-9.29134e-22
5.11718	-9.32499e-22
5.12218	-9.35879e-22
5.12718	-9.39273e-22
5.13218	-9.42681e-22
5.13718	-9.46104e-22
5.14218	-9.49541e-22
5.14718	-9.52992e-22
5.15218	-9.56458e-22
5.15718	-9.59939e-22
5.16218	-9.63434e-22
5.16718	-9.66944e-22
5.17218	-9.70468e-22
5.17718	-9.74007e-22
5.18218	-9.77561e-22
5.18718	-9.81129e-22
5.19218	-9.84713e-22
5.19718	-9.88311e-22
5.20218	-9.91924e-22
5.20718	-9.95552e-22
5.21218	-9.99194e-22
5.21718	-1.00285e-21
5.22218	-1.00652e-21
5.22718	-1.01021e-21
5.23218	-1.01392e-21
5.23719	-1.01763e-21
5.24219	-1.02137e-21
5.24719	-1.02512e-21
5.25219	-1.02888e-21
5.25719	-1.03266e-21
5.26219	-1.03645e-21
5.26719	-1.04026e-21
5.27219	-1.04409e-21
5.27719	-1.04792e-21
5.28219	-1.05178e-21
5.28719	-1.05565e-21
5.29219	-1.05954e-21
5.29719	-1.06344e-21
5.30219	-1.06735e-21
5.30719	-1.07129e-21
5.31219	-1.07523e-21
5.31719	-1.0792e-21
5.32219	-1.08318e-21
5.32719	-1.08717e-21
5.33219	-1.09118e-21
5.33719	-1.09521e-21
5.34219	-1.09925e-21
5.34719	-1.1033e-21
5.35219	-1.10737e-21
5.35719	-1.11146e-21
5.36219	-1.11556e-21
5.36719	-1.11968e-21
5.37219	-1.12382e-21
5.37719	-1.12797e-21
5.38219	-1.13213e-21
5.38719	-1.13631e-21
5.39219	-1.14051e-21
5.39719	-1.14472e-21
5.40219	-1.14895e-21
5.40719	-1.15319e-21
5.41219	-1.15745e-21
5.41719	-1.16173e-21
5.42219	-1.16601e-21
5.42719	-1.17032e-21
5.43219	-1.17464e-21
5.43719	-1.17898e-21
5.44219	-1.18333e-21
5.44719	-1.18769e-21
5.45219	-1.19208e-21
5.45719	-1.19647e-21
5.46219	-1.20089e-21
5.46719	-1.20531e-21
5.47219	-1.20976e-21
5.47719	-1.21422e-21
5.48219	-1.21869e-21
5.48719	-1.22318e-21
5.49219	-1.22768e-21
5.49719	-1.2322e-21
5.50219	-1.23673e-21
5.50719	-1.24128e-21
5.51219	-1.24585e-21
5.51719	-1.25042e-21
5.52219	-1.25502e-21
5.52719	-1.25962e-21
5.53219	-1.26425e-21
5.53719	-1.26888e-21
5.54219	-1.27353e-21
5.54719	-1.2782e-21
5.55219	-1.28288e-21
5.55719	-1.28757e-21
5.56219	-1.29228e-21
5.56719	-1.297e-21
5.57219	-1.30174e-21
5.57719	-1.30649e-21
5.58219	-1.31125e-21
5.58719	-1.31602e-21
5.59219	-1.32081e-21
5.59719	-1.32562e-21
5.60219	-1.33043e-21
5.60719	-1.33526e-21
5.61219	-1.3401e-21
5.61719	-1.34496e-21
5.62219	-1.34983e-21
5.62719	-1.35471e-21
5.63219	-1.3596e-21
5.63719	-1.3645e-21
5.64219	-1.36942e-21
5.64719	-1.37435e-21
5.65219	-1.37929e-21
5.65719	-1.38424e-21
5.66219	-1.3892e-21
5.66719	-1.39417e-21
5.67219	-1.39916e-21
5.6772	-1.40415e-21
5.6822	-1.40916e-21
5.6872	-1.41417e-21
5.6922	-1.4192e-21
5.6972	-1.42423e-21
5.7022	-1.42928e-21
5.7072	-1.43433e-21
5.7122	-1.4394e-21
5.7172	-1.44447e-21
5.7222	-1.44955e-21
5.7272	-1.45464e-21
5.7322	-1.45973e-21
5.7372	-1.46484e-21
5.7422	-1.46995e-21
5.7472	-1.47507e-21
5.7522	-1.48019e-21
5.7572	-1.48532e-21
5.7622	-1.49046e-21
5.7672	-1.4956e-21
5.7722	-1.50075e-21
5.7772	-1.50591e-21
5.7822	-1.51106e-21
5.7872	-1.51623e-21
5.7922	-1.52139e-21
5.7972	-1.52656e-21
5.8022	-1.53173e-21
5.8072	-1.53691e-21
5.8122	-1.54209e-21
5.8172	-1.54727e-21
5.8222	-1.55245e-21
5.8272	-1.55763e-21
5.8322	-1.56281e-21
5.8372	-1.56799e-21
5.8422	-1.57317e-21
5.8472	-1.57835e-21
5.8522	-1.58352e-21
5.8572	-1.5887e-21
5.8622	-1.59387e-21
5.8672	-1.59904e-21
5.8722	-1.6042e-21
5.8772	-1.60936e-21
5.8822	-1.61451e-21
5.8872	-1.61966e-21
5.8922	-1.6248e-21
5.8972	-1.62994e-21
5.9022	-1.63506e-21
5.9072	-1.64018e-21
5.9122	-1.64529e-21
5.9172	-1.65038e-21
5.9222	-1.65547e-21
5.9272	-1.66054e-21
5.9322	-1.66561e-21
5.9372	-1.67065e-21
5.9422	-1.67569e-21
5.9472	-1.68071e-21
5.9522	-1.68571e-21
5.9572	-1.6907e-21
5.9622	-1.69567e-21
5.9672	-1.70062e-21
5.9722	-1.70555e-21
5.9772	-1.71046e-21
5.9822	-1.71534e-21
5.9872	-1.72021e-21
5.9922	-1.72505e-21
5.9972	-1.72987e-21
6.0022	-1.73466e-21
6.0072	-1.73942e-21
6.0122	-1.74415e-21
6.0172	-1.74886e-21
6.0222	-1.75353e-21
6.0272	-1.75818e-21
6.0322	-1.76279e-21
6.0372	-1.76736e-21
6.0422	-1.7719e-21
6.0472	-1.7764e-21
6.0522	-1.78086e-21
6.0572	-1.78528e-21
6.0622	-1.78967e-21
6.0672	-1.794e-21
6.0722	-1.7983e-21
6.0772	-1.80254e-21
6.0822	-1.80674e-21
6.0872	-1.81089e-21
6.0922	-1.81499e-21
6.0972	-1.81903e-21
6.1022	-1.82302e-21
6.1072	-1.82695e-21
6.11221	-1.83083e-21
6.11721	-1.83464e-21
6.12221	-1.8384e-21
6.12721	-1.84208e-21
6.13221	-1.8457e-21
6.13721	-1.84926e-21
6.14221	-1.85274e-21
6.14721	-1.85615e-21
6.15221	-1.85948e-21
6.15721	-1.86274e-21
6.16221	-1.86592e-21
6.16721	-1.86901e-21
6.17221	-1.87202e-21
6.17721	-1.87495e-21
6.18221	-1.87778e-21
6.18721	-1.88053e-21
6.19221	-1.88317e-21
6.19721	-1.88572e-21
6.20221	-1.88817e-21
6.20721	-1.89052e-21
6.21221	-1.89276e-21
6.21721	-1.89489e-21
6.22221	-1.89691e-21
6.22721	-1.89881e-21
6.23221	-1.90059e-21
6.23721	-1.90226e-21
6.24221	-1.90379e-21
6.24721	-1.9052e-21
6.25221	-1.90648e-21
6.25721	-1.90762e-21
6.26221	-1.90862e-21
6.26721	-1.90947e-21
6.27221	-1.91018e-21
6.27721	-1.91074e-21
6.28221	-1.91114e-21
6.28721	-1.91139e-21
6.29221	-1.91147e-21
6.29721	-1.91138e-21
6.30221	-1.91112e-21
6.30721	-1.91068e-21
6.31221	-1.91006e-21
6.31721	-1.90925e-21
6.32221	-1.90826e-21
6.32721	-1.90706e-21
6.33221	-1.90567e-21
6.33721	-1.90407e-21
6.34221	-1.90225e-21
6.34721	-1.90022e-21
6.35221	-1.89797e-21
6.35721	-1.89549e-21
6.36221	-1.89277e-21
6.36721	-1.88982e-21
6.37221	-1.88661e-21
6.37721	-1.88316e-21
6.38221	-1.87944e-21
6.38721	-1.87546e-21
6.39221	-1.87121e-21
6.39721	-1.86668e-21
6.40221	-1.86186e-21
6.40721	-1.85675e-21
6.41221	-1.85134e-21
6.41721	-1.84562e-21
6.42221	-1.83958e-21
6.42721	-1.83322e-21
6.43221	-1.82652e-21
6.43721	-1.81949e-21
6.44221	-1.81211e-21
6.44721	-1.80437e-21
6.45221	-1.79627e-21
6.45721	-1.78779e-21
6.46221	-1.77892e-21
6.46721	-1.76966e-21
6.47221	-1.76e-21
6.47721	-1.74993e-21
6.48221	-1.73943e-21
6.48721	-1.72849e-21
6.49221	-1.71712e-21
6.49721	-1.70528e-21
6.50221	-1.69298e-21
6.50721	-1.6802e-21
6.51221	-1.66693e-21
6.51721	-1.65316e-21
6.52221	-1.63888e-21
6.52721	-1.62407e-21
6.53221	-1.60871e-21
6.53721	-1.59281e-21
6.54221	-1.57634e-21
6.54721	-1.55929e-21
6.55222	-1.54164e-21
6.55722	-1.52339e-21
6.56222	-1.50451e-21
6.56722	-1.485e-21
6.57222	-1.46483e-21
6.57722	-1.44399e-21
6.58222	-1.42246e-21
6.58722	-1.40023e-21
6.59222	-1.37728e-21
6.59722	-1.3536e-21
6.60222	-1.32915e-21
6.60722	-1.30394e-21
6.61222	-1.27793e-21
6.61722	-1.25111e-21
6.62222	-1.22346e-21
6.62722	-1.19495e-21
6.63222	-1.16558e-21
6.63722	-1.13531e-21
6.64222	-1.10412e-21
6.64722	-1.072e-21
6.65222	-1.03892e-21
6.65722	-1.00485e-21
6.66222	-9.69776e-22
6.66722	-9.33669e-22
6.67222	-8.96506e-22
6.67722	-8.5826e-22
6.68222	-8.18904e-22
6.68722	-7.78413e-22
6.69222	-7.36758e-22
6.69722	-6.9391e-22
6.70222	-6.49841e-22
6.70722	-6.04522e-22
6.71222	-5.5792e-22
6.71722	-5.10006e-22
6.72222	-4.60748e-22
6.72722	-4.10111e-22
6.73222	-3.58064e-22
6.73722	-3.04571e-22
6.74222	-2.49596e-22
6.74722	-1.93104e-22
6.75222	-1.35058e-22
6.75722	-7.54192e-23
6.76222	-1.41487e-23
6.76722	4.87936e-23
6.77222	1.13449e-22
6.77722	1.79858e-22
6.78222	2.48066e-22
6.78722	3.18116e-22
6.79222	3.90054e-22
6.79722	4.63925e-22
6.80222	5.39779e-22
6.80722	6.17663e-22
6.81222	6.97628e-22
6.81722	7.79726e-22
6.82222	8.64008e-22
6.82722	9.5053e-22
6.83222	1.03935e-21
6.83722	1.13051e-21
6.84222	1.22409e-21
6.84722	1.32014e-21
6.85222	1.41872e-21
6.85722	1.5199e-21
6.86222	1.62373e-21
6.86722	1.73029e-21
6.87222	1.83964e-21
6.87722	1.95186e-21
6.88222	2.06701e-21
6.88722	2.18517e-21
6.89222	2.30642e-21
6.89722	2.43083e-21
6.90222	2.55848e-21
6.90722	2.68945e-21
6.91222	2.82383e-21
6.91722	2.96171e-21
6.92222	3.10316e-21
6.92722	3.24829e-21
6.93222	3.39718e-21
6.93722	3.54993e-21
6.94222	3.70664e-21
6.94722	3.86741e-21
6.95222	4.03234e-21
6.95722	4.20154e-21
6.96222	4.37512e-21
6.96722	4.55319e-21
6.97222	4.73587e-21
6.97722	4.92326e-21
6.98222	5.1155e-21
6.98723	5.31271e-21
6.99223	5.51501e-21
6.99723	5.72254e-21
7.00223	5.93544e-21
