-8.003	3.01169e-21
-7.998	2.82207e-21
-7.993	2.64024e-21
-7.988	2.46589e-21
-7.983	2.29874e-21
-7.978	2.13849e-21
-7.973	1.98486e-21
-7.968	1.83761e-21
-7.963	1.69647e-21
-7.958	1.56121e-21
-7.953	1.43159e-21
-7.948	1.30738e-21
-7.943	1.18839e-21
-7.938	1.0744e-21
-7.933	9.65207e-22
-7.928	8.60635e-22
-7.923	7.60498e-22
-7.918	6.64621e-22
-7.913	5.72837e-22
-7.908	4.84987e-22
-7.903	4.00916e-22
-7.898	3.20475e-22
-7.893	2.43523e-22
-7.888	1.69923e-22
-7.883	9.95441e-23
-7.878	3.22601e-23
-7.873	-3.20501e-23
-7.868	-9.35026e-23
-7.863	-1.52209e-22
-7.858	-2.08277e-22
-7.853	-2.6181e-22
-7.848	-3.12906e-22
-7.843	-3.61661e-22
-7.838	-4.08166e-22
-7.833	-4.5251e-22
-7.828	-4.94776e-22
-7.823	-5.35047e-22
-7.818	-5.73399e-22
-7.813	-6.09909e-22
-7.808	-6.44648e-22
-7.803	-6.77686e-22
-7.798	-7.0909e-22
-7.793	-7.38923e-22
-7.788	-7.67247e-22
-7.783	-7.94121e-22
-7.778	-8.19603e-22
-7.77299	-8.43748e-22
-7.76799	-8.66607e-22
-7.76299	-8.88231e-22
-7.75799	-9.0867e-22
-7.75299	-9.2797e-22
-7.74799	-9.46177e-22
-7.74299	-9.63332e-22
-7.73799	-9.7948e-22
-7.73299	-9.94658e-22
-7.72799	-1.00891e-21
-7.72299	-1.02226e-21
-7.71799	-1.03476e-21
-7.71299	-1.04644e-21
-7.70799	-1.05732e-21
-7.70299	-1.06745e-21
-7.69799	-1.07685e-21
-7.69299	-1.08555e-21
-7.68799	-1.09358e-21
-7.68299	-1.10097e-21
-7.67799	-1.10774e-21
-7.67299	-1.11393e-21
-7.66799	-1.11954e-21
-7.66299	-1.12461e-21
-7.65799	-1.12916e-21
-7.65299	-1.13321e-21
-7.64799	-1.13678e-21
-7.64299	-1.13989e-21
-7.63799	-1.14257e-21
-7.63299	-1.14482e-21
-7.62799	-1.14666e-21
-7.62299	-1.14813e-21
-7.61799	-1.14922e-21
-7.61299	-1.14996e-21
-7.60799	-1.15036e-21
-7.60299	-1.15043e-21
-7.59799	-1.1502e-21
-7.59299	-1.14967e-21
-7.58799	-1.14885e-21
-7.58299	-1.14777e-21
-7.57799	-1.14643e-21
-7.57299	-1.14484e-21
-7.56799	-1.14301e-21
-7.56299	-1.14096e-21
-7.55799	-1.1387e-21
-7.55299	-1.13623e-21
-7.54799	-1.13357e-21
-7.54299	-1.13072e-21
-7.53799	-1.1277e-21
-7.53299	-1.12451e-21
-7.52799	-1.12115e-21
-7.52299	-1.11765e-21
-7.51799	-1.114e-21
-7.51299	-1.11021e-21
-7.50799	-1.1063e-21
-7.50299	-1.10226e-21
-7.49799	-1.0981e-21
-7.49299	-1.09384e-21
-7.48799	-1.08947e-21
-7.48299	-1.085e-21
-7.47799	-1.08043e-21
-7.47299	-1.07578e-21
-7.46799	-1.07105e-21
-7.46299	-1.06624e-21
-7.45799	-1.06136e-21
-7.45299	-1.05641e-21
-7.44799	-1.05139e-21
-7.44299	-1.04632e-21
-7.43799	-1.04119e-21
-7.43299	-1.036e-21
-7.42799	-1.03077e-21
-7.42299	-1.0255e-21
-7.41799	-1.02018e-21
-7.41299	-1.01483e-21
-7.40799	-1.00944e-21
-7.40299	-1.00402e-21
-7.39799	-9.9857e-22
-7.39299	-9.93096e-22
-7.38799	-9.87599e-22
-7.38299	-9.82081e-22
-7.37799	-9.76545e-22
-7.37299	-9.70993e-22
-7.36799	-9.65428e-22
-7.36299	-9.59852e-22
-7.35799	-9.54267e-22
-7.35299	-9.48674e-22
-7.34799	-9.43077e-22
-7.34299	-9.37476e-22
-7.33799	-9.31873e-22
-7.33298	-9.26271e-22
-7.32798	-9.2067e-22
-7.32298	-9.15073e-22
-7.31798	-9.0948e-22
-7.31298	-9.03893e-22
-7.30798	-8.98314e-22
-7.30298	-8.92743e-22
-7.29798	-8.87183e-22
-7.29298	-8.81633e-22
-7.28798	-8.76096e-22
-7.28298	-8.70572e-22
-7.27798	-8.65063e-22
-7.27298	-8.59568e-22
-7.26798	-8.5409e-22
-7.26298	-8.48629e-22
-7.25798	-8.43186e-22
-7.25298	-8.37762e-22
-7.24798	-8.32357e-22
-7.24298	-8.26973e-22
-7.23798	-8.21609e-22
-7.23298	-8.16267e-22
-7.22798	-8.10947e-22
-7.22298	-8.0565e-22
-7.21798	-8.00375e-22
-7.21298	-7.95125e-22
-7.20798	-7.89899e-22
-7.20298	-7.84697e-22
-7.19798	-7.79521e-22
-7.19298	-7.7437e-22
-7.18798	-7.69245e-22
-7.18298	-7.64147e-22
-7.17798	-7.59074e-22
-7.17298	-7.54029e-22
-7.16798	-7.49011e-22
-7.16298	-7.44021e-22
-7.15798	-7.39058e-22
-7.15298	-7.34123e-22
-7.14798	-7.29216e-22
-7.14298	-7.24338e-22
-7.13798	-7.19488e-22
-7.13298	-7.14666e-22
-7.12798	-7.09874e-22
-7.12298	-7.0511e-22
-7.11798	-7.00375e-22
-7.11298	-6.9567e-22
-7.10798	-6.90994e-22
-7.10298	-6.86347e-22
-7.09798	-6.8173e-22
-7.09298	-6.77141e-22
-7.08798	-6.72583e-22
-7.08298	-6.68054e-22
-7.07798	-6.63554e-22
-7.07298	-6.59084e-22
-7.06798	-6.54643e-22
-7.06298	-6.50232e-22
-7.05798	-6.45851e-22
-7.05298	-6.41499e-22
-7.04798	-6.37176e-22
-7.04298	-6.32883e-22
-7.03798	-6.28619e-22
-7.03298	-6.24384e-22
-7.02798	-6.20179e-22
-7.02298	-6.16003e-22
-7.01798	-6.11856e-22
-7.01298	-6.07738e-22
-7.00798	-6.03649e-22
-7.00298	-5.99588e-22
-6.99798	-5.95557e-22
-6.99298	-5.91554e-22
-6.98798	-5.87579e-22
-6.98298	-5.83633e-22
-6.97798	-5.79716e-22
-6.97298	-5.75826e-22
-6.96798	-5.71965e-22
-6.96298	-5.68132e-22
-6.95798	-5.64326e-22
-6.95298	-5.60549e-22
-6.94798	-5.56798e-22
-6.94298	-5.53076e-22
-6.93798	-5.4938e-22
-6.93298	-5.45712e-22
-6.92798	-5.42071e-22
-6.92298	-5.38456e-22
-6.91798	-5.34869e-22
-6.91298	-5.31308e-22
-6.90798	-5.27773e-22
-6.90298	-5.24265e-22
-6.89797	-5.20783e-22
-6.89297	-5.17326e-22
-6.88797	-5.13896e-22
-6.88297	-5.10491e-22
-6.87797	-5.07112e-22
-6.87297	-5.03758e-22
-6.86797	-5.0043e-22
-6.86297	-4.97126e-22
-6.85797	-4.93848e-22
-6.85297	-4.90594e-22
-6.84797	-4.87364e-22
-6.84297	-4.84159e-22
-6.83797	-4.80979e-22
-6.83297	-4.77822e-22
-6.82797	-4.74689e-22
-6.82297	-4.7158e-22
-6.81797	-4.68495e-22
-6.81297	-4.65433e-22
-6.80797	-4.62394e-22
-6.80297	-4.59378e-22
-6.79797	-4.56385e-22
-6.79297	-4.53415e-22
-6.78797	-4.50468e-22
-6.78297	-4.47543e-22
-6.77797	-4.4464e-22
-6.77297	-4.41759e-22
-6.76797	-4.38901e-22
-6.76297	-4.36064e-22
-6.75797	-4.33249e-22
-6.75297	-4.30455e-22
-6.74797	-4.27682e-22
-6.74297	-4.24931e-22
-6.73797	-4.222e-22
-6.73297	-4.19491e-22
-6.72797	-4.16802e-22
-6.72297	-4.14134e-22
-6.71797	-4.11486e-22
-6.71297	-4.08858e-22
-6.70797	-4.0625e-22
-6.70297	-4.03662e-22
-6.69797	-4.01094e-22
-6.69297	-3.98545e-22
-6.68797	-3.96016e-22
-6.68297	-3.93506e-22
-6.67797	-3.91015e-22
-6.67297	-3.88543e-22
-6.66797	-3.8609e-22
-6.66297	-3.83656e-22
-6.65797	-3.8124e-22
-6.65297	-3.78842e-22
-6.64797	-3.76463e-22
-6.64297	-3.74102e-22
-6.63797	-3.71758e-22
-6.63297	-3.69433e-22
-6.62797	-3.67125e-22
-6.62297	-3.64835e-22
-6.61797	-3.62562e-22
-6.61297	-3.60306e-22
-6.60797	-3.58067e-22
-6.60297	-3.55845e-22
-6.59797	-3.5364e-22
-6.59297	-3.51452e-22
-6.58797	-3.4928e-22
-6.58297	-3.47125e-22
-6.57797	-3.44986e-22
-6.57297	-3.42863e-22
-6.56797	-3.40756e-22
-6.56297	-3.38665e-22
-6.55797	-3.36589e-22
-6.55297	-3.3453e-22
-6.54797	-3.32485e-22
-6.54297	-3.30456e-22
-6.53797	-3.28443e-22
-6.53297	-3.26444e-22
-6.52797	-3.2446e-22
-6.52297	-3.22492e-22
-6.51797	-3.20538e-22
-6.51297	-3.18598e-22
-6.50797	-3.16673e-22
-6.50297	-3.14763e-22
-6.49797	-3.12866e-22
-6.49297	-3.10984e-22
-6.48797	-3.09116e-22
-6.48297	-3.07262e-22
-6.47797	-3.05421e-22
-6.47297	-3.03594e-22
-6.46797	-3.01781e-22
-6.46297	-2.99981e-22
-6.45796	-2.98195e-22
-6.45296	-2.96421e-22
-6.44796	-2.94661e-22
-6.44296	-2.92914e-22
-6.43796	-2.9118e-22
-6.43296	-2.89458e-22
-6.42796	-2.87749e-22
-6.42296	-2.86053e-22
-6.41796	-2.84369e-22
-6.41296	-2.82698e-22
-6.40796	-2.81039e-22
-6.40296	-2.79392e-22
-6.39796	-2.77757e-22
-6.39296	-2.76134e-22
-6.38796	-2.74523e-22
-6.38296	-2.72923e-22
-6.37796	-2.71336e-22
-6.37296	-2.6976e-22
-6.36796	-2.68195e-22
-6.36296	-2.66642e-22
-6.35796	-2.651e-22
-6.35296	-2.63569e-22
-6.34796	-2.62049e-22
-6.34296	-2.60541e-22
-6.33796	-2.59043e-22
-6.33296	-2.57556e-22
-6.32796	-2.5608e-22
-6.32296	-2.54614e-22
-6.31796	-2.53159e-22
-6.31296	-2.51715e-22
-6.30796	-2.5028e-22
-6.30296	-2.48857e-22
-6.29796	-2.47443e-22
-6.29296	-2.46039e-22
-6.28796	-2.44646e-22
-6.28296	-2.43262e-22
-6.27796	-2.41889e-22
-6.27296	-2.40525e-22
-6.26796	-2.39171e-22
-6.26296	-2.37826e-22
-6.25796	-2.36491e-22
-6.25296	-2.35166e-22
-6.24796	-2.3385e-22
-6.24296	-2.32543e-22
-6.23796	-2.31246e-22
-6.23296	-2.29957e-22
-6.22796	-2.28678e-22
-6.22296	-2.27408e-22
-6.21796	-2.26147e-22
-6.21296	-2.24895e-22
-6.20796	-2.23651e-22
-6.20296	-2.22416e-22
-6.19796	-2.2119e-22
-6.19296	-2.19972e-22
-6.18796	-2.18763e-22
-6.18296	-2.17563e-22
-6.17796	-2.16371e-22
-6.17296	-2.15187e-22
-6.16796	-2.14011e-22
-6.16296	-2.12844e-22
-6.15796	-2.11684e-22
-6.15296	-2.10533e-22
-6.14796	-2.09389e-22
-6.14296	-2.08254e-22
-6.13796	-2.07126e-22
-6.13296	-2.06007e-22
-6.12796	-2.04895e-22
-6.12296	-2.0379e-22
-6.11796	-2.02693e-22
-6.11296	-2.01604e-22
-6.10796	-2.00522e-22
-6.10296	-1.99448e-22
-6.09796	-1.98381e-22
-6.09296	-1.97321e-22
-6.08796	-1.96269e-22
-6.08296	-1.95224e-22
-6.07796	-1.94185e-22
-6.07296	-1.93154e-22
-6.06796	-1.9213e-22
-6.06296	-1.91113e-22
-6.05796	-1.90103e-22
-6.05296	-1.891e-22
-6.04796	-1.88103e-22
-6.04296	-1.87113e-22
-6.03796	-1.8613e-22
-6.03296	-1.85153e-22
-6.02796	-1.84183e-22
-6.02295	-1.8322e-22
-6.01795	-1.82263e-22
-6.01295	-1.81313e-22
-6.00795	-1.80368e-22
-6.00295	-1.79431e-22
-5.99795	-1.78499e-22
-5.99295	-1.77574e-22
-5.98795	-1.76655e-22
-5.98295	-1.75741e-22
-5.97795	-1.74834e-22
-5.97295	-1.73934e-22
-5.96795	-1.73039e-22
-5.96295	-1.7215e-22
-5.95795	-1.71266e-22
-5.95295	-1.70389e-22
-5.94795	-1.69518e-22
-5.94295	-1.68652e-22
-5.93795	-1.67792e-22
-5.93295	-1.66937e-22
-5.92795	-1.66089e-22
-5.92295	-1.65245e-22
-5.91795	-1.64408e-22
-5.91295	-1.63576e-22
-5.90795	-1.62749e-22
-5.90295	-1.61927e-22
-5.89795	-1.61111e-22
-5.89295	-1.60301e-22
-5.88795	-1.59495e-22
-5.88295	-1.58695e-22
-5.87795	-1.579e-22
-5.87295	-1.57111e-22
-5.86795	-1.56326e-22
-5.86295	-1.55546e-22
-5.85795	-1.54772e-22
-5.85295	-1.54002e-22
-5.84795	-1.53237e-22
-5.84295	-1.52478e-22
-5.83795	-1.51723e-22
-5.83295	-1.50973e-22
-5.82795	-1.50228e-22
-5.82295	-1.49488e-22
-5.81795	-1.48752e-22
-5.81295	-1.48021e-22
-5.80795	-1.47295e-22
-5.80295	-1.46573e-22
-5.79795	-1.45856e-22
-5.79295	-1.45144e-22
-5.78795	-1.44436e-22
-5.78295	-1.43732e-22
-5.77795	-1.43033e-22
-5.77295	-1.42339e-22
-5.76795	-1.41648e-22
-5.76295	-1.40963e-22
-5.75795	-1.40281e-22
-5.75295	-1.39604e-22
-5.74795	-1.38931e-22
-5.74295	-1.38262e-22
-5.73795	-1.37598e-22
-5.73295	-1.36937e-22
-5.72795	-1.36281e-22
-5.72295	-1.35629e-22
-5.71795	-1.34981e-22
-5.71295	-1.34337e-22
-5.70795	-1.33697e-22
-5.70295	-1.33061e-22
-5.69795	-1.32429e-22
-5.69295	-1.31801e-22
-5.68795	-1.31176e-22
-5.68295	-1.30556e-22
-5.67795	-1.29939e-22
-5.67295	-1.29327e-22
-5.66795	-1.28718e-22
-5.66295	-1.28112e-22
-5.65795	-1.27511e-22
-5.65295	-1.26913e-22
-5.64795	-1.26319e-22
-5.64295	-1.25729e-22
-5.63795	-1.25142e-22
-5.63295	-1.24558e-22
-5.62795	-1.23979e-22
-5.62295	-1.23403e-22
-5.61795	-1.2283e-22
-5.61295	-1.22261e-22
-5.60795	-1.21695e-22
-5.60295	-1.21133e-22
-5.59795	-1.20574e-22
-5.59295	-1.20018e-22
-5.58794	-1.19466e-22
-5.58294	-1.18917e-22
-5.57794	-1.18372e-22
-5.57294	-1.1783e-22
-5.56794	-1.17291e-22
-5.56294	-1.16755e-22
-5.55794	-1.16223e-22
-5.55294	-1.15694e-22
-5.54794	-1.15167e-22
-5.54294	-1.14644e-22
-5.53794	-1.14125e-22
-5.53294	-1.13608e-22
-5.52794	-1.13094e-22
-5.52294	-1.12584e-22
-5.51794	-1.12076e-22
-5.51294	-1.11572e-22
-5.50794	-1.1107e-22
-5.50294	-1.10572e-22
-5.49794	-1.10076e-22
-5.49294	-1.09583e-22
-5.48794	-1.09094e-22
-5.48294	-1.08607e-22
-5.47794	-1.08123e-22
-5.47294	-1.07642e-22
-5.46794	-1.07163e-22
-5.46294	-1.06688e-22
-5.45794	-1.06215e-22
-5.45294	-1.05745e-22
-5.44794	-1.05278e-22
-5.44294	-1.04814e-22
-5.43794	-1.04352e-22
-5.43294	-1.03893e-22
-5.42794	-1.03436e-22
-5.42294	-1.02983e-22
-5.41794	-1.02531e-22
-5.41294	-1.02083e-22
-5.40794	-1.01637e-22
-5.40294	-1.01194e-22
-5.39794	-1.00753e-22
-5.39294	-1.00315e-22
-5.38794	-9.98792e-23
-5.38294	-9.94461e-23
-5.37794	-9.90154e-23
-5.37294	-9.85873e-23
-5.36794	-9.81615e-23
-5.36294	-9.77383e-23
-5.35794	-9.73174e-23
-5.35294	-9.6899e-23
-5.34794	-9.64829e-23
-5.34294	-9.60692e-23
-5.33794	-9.56579e-23
-5.33294	-9.5249e-23
-5.32794	-9.48423e-23
-5.32294	-9.4438e-23
-5.31794	-9.40359e-23
-5.31294	-9.36362e-23
-5.30794	-9.32387e-23
-5.30294	-9.28434e-23
-5.29794	-9.24504e-23
-5.29294	-9.20596e-23
-5.28794	-9.1671e-23
-5.28294	-9.12846e-23
-5.27794	-9.09004e-23
-5.27294	-9.05183e-23
-5.26794	-9.01384e-23
-5.26294	-8.97606e-23
-5.25794	-8.93849e-23
-5.25294	-8.90113e-23
-5.24794	-8.86398e-23
-5.24294	-8.82704e-23
-5.23794	-8.7903e-23
-5.23294	-8.75377e-23
-5.22794	-8.71744e-23
-5.22294	-8.68131e-23
-5.21794	-8.64539e-23
-5.21294	-8.60966e-23
-5.20794	-8.57413e-23
-5.20294	-8.5388e-23
-5.19794	-8.50366e-23
-5.19294	-8.46871e-23
-5.18794	-8.43396e-23
-5.18294	-8.3994e-23
-5.17794	-8.36503e-23
-5.17294	-8.33085e-23
-5.16794	-8.29686e-23
-5.16294	-8.26305e-23
-5.15794	-8.22942e-23
-5.15294	-8.19599e-23
-5.14793	-8.16273e-23
-5.14293	-8.12965e-23
-5.13793	-8.09676e-23
-5.13293	-8.06404e-23
-5.12793	-8.0315e-23
-5.12293	-7.99914e-23
-5.11793	-7.96696e-23
-5.11293	-7.93495e-23
-5.10793	-7.90311e-23
-5.10293	-7.87144e-23
-5.09793	-7.83995e-23
-5.09293	-7.80862e-23
-5.08793	-7.77747e-23
-5.08293	-7.74648e-23
-5.07793	-7.71565e-23
-5.07293	-7.685e-23
-5.06793	-7.65451e-23
-5.06293	-7.62418e-23
-5.05793	-7.59401e-23
-5.05293	-7.56401e-23
-5.04793	-7.53416e-23
-5.04293	-7.50447e-23
-5.03793	-7.47495e-23
-5.03293	-7.44558e-23
-5.02793	-7.41636e-23
-5.02293	-7.3873e-23
-5.01793	-7.3584e-23
-5.01293	-7.32965e-23
-5.00793	-7.30105e-23
-5.00293	-7.2726e-23
-4.99793	-7.2443e-23
-4.99293	-7.21615e-23
-4.98793	-7.18815e-23
-4.98293	-7.1603e-23
-4.97793	-7.1326e-23
-4.97293	-7.10503e-23
-4.96793	-7.07762e-23
-4.96293	-7.05035e-23
-4.95793	-7.02322e-23
-4.95293	-6.99623e-23
-4.94793	-6.96938e-23
-4.94293	-6.94268e-23
-4.93793	-6.91611e-23
-4.93293	-6.88968e-23
-4.92793	-6.86339e-23
-4.92293	-6.83724e-23
-4.91793	-6.81122e-23
-4.91293	-6.78533e-23
-4.90793	-6.75958e-23
-4.90293	-6.73397e-23
-4.89793	-6.70848e-23
-4.89293	-6.68313e-23
-4.88793	-6.65791e-23
-4.88293	-6.63282e-23
-4.87793	-6.60786e-23
-4.87293	-6.58302e-23
-4.86793	-6.55832e-23
-4.86293	-6.53374e-23
-4.85793	-6.50928e-23
-4.85293	-6.48496e-23
-4.84793	-6.46075e-23
-4.84293	-6.43667e-23
-4.83793	-6.41271e-23
-4.83293	-6.38888e-23
-4.82793	-6.36517e-23
-4.82293	-6.34157e-23
-4.81793	-6.3181e-23
-4.81293	-6.29475e-23
-4.80793	-6.27151e-23
-4.80293	-6.24839e-23
-4.79793	-6.22539e-23
-4.79293	-6.20251e-23
-4.78793	-6.17974e-23
-4.78293	-6.15709e-23
-4.77793	-6.13455e-23
-4.77293	-6.11212e-23
-4.76793	-6.08981e-23
-4.76293	-6.06761e-23
-4.75793	-6.04552e-23
-4.75293	-6.02354e-23
-4.74793	-6.00167e-23
-4.74293	-5.97991e-23
-4.73793	-5.95826e-23
-4.73293	-5.93672e-23
-4.72793	-5.91528e-23
-4.72293	-5.89396e-23
-4.71793	-5.87273e-23
-4.71292	-5.85162e-23
-4.70792	-5.83061e-23
-4.70292	-5.8097e-23
-4.69792	-5.7889e-23
-4.69292	-5.7682e-23
-4.68792	-5.7476e-23
-4.68292	-5.7271e-23
-4.67792	-5.70671e-23
-4.67292	-5.68642e-23
-4.66792	-5.66622e-23
-4.66292	-5.64613e-23
-4.65792	-5.62613e-23
-4.65292	-5.60624e-23
-4.64792	-5.58644e-23
-4.64292	-5.56673e-23
-4.63792	-5.54713e-23
-4.63292	-5.52762e-23
-4.62792	-5.5082e-23
-4.62292	-5.48888e-23
-4.61792	-5.46966e-23
-4.61292	-5.45053e-23
-4.60792	-5.43149e-23
-4.60292	-5.41254e-23
-4.59792	-5.39369e-23
-4.59292	-5.37493e-23
-4.58792	-5.35626e-23
-4.58292	-5.33767e-23
-4.57792	-5.31918e-23
-4.57292	-5.30078e-23
-4.56792	-5.28247e-23
-4.56292	-5.26425e-23
-4.55792	-5.24611e-23
-4.55292	-5.22806e-23
-4.54792	-5.2101e-23
-4.54292	-5.19223e-23
-4.53792	-5.17444e-23
-4.53292	-5.15673e-23
-4.52792	-5.13911e-23
-4.52292	-5.12158e-23
-4.51792	-5.10413e-23
-4.51292	-5.08676e-23
-4.50792	-5.06948e-23
-4.50292	-5.05227e-23
-4.49792	-5.03515e-23
-4.49292	-5.01811e-23
-4.48792	-5.00116e-23
-4.48292	-4.98428e-23
-4.47792	-4.96748e-23
-4.47292	-4.95077e-23
-4.46792	-4.93413e-23
-4.46292	-4.91757e-23
-4.45792	-4.90109e-23
-4.45292	-4.88469e-23
-4.44792	-4.86836e-23
-4.44292	-4.85211e-23
-4.43792	-4.83594e-23
-4.43292	-4.81985e-23
-4.42792	-4.80383e-23
-4.42292	-4.78788e-23
-4.41792	-4.77201e-23
-4.41292	-4.75622e-23
-4.40792	-4.7405e-23
-4.40292	-4.72485e-23
-4.39792	-4.70928e-23
-4.39292	-4.69377e-23
-4.38792	-4.67834e-23
-4.38292	-4.66299e-23
-4.37792	-4.6477e-23
-4.37292	-4.63249e-23
-4.36792	-4.61734e-23
-4.36292	-4.60227e-23
-4.35792	-4.58727e-23
-4.35292	-4.57233e-23
-4.34792	-4.55747e-23
-4.34292	-4.54267e-23
-4.33792	-4.52795e-23
-4.33292	-4.51329e-23
-4.32792	-4.49869e-23
-4.32292	-4.48417e-23
-4.31792	-4.46971e-23
-4.31292	-4.45532e-23
-4.30792	-4.441e-23
-4.30292	-4.42674e-23
-4.29792	-4.41255e-23
-4.29292	-4.39842e-23
-4.28792	-4.38436e-23
-4.28292	-4.37036e-23
-4.27792	-4.35642e-23
-4.27291	-4.34255e-23
-4.26791	-4.32874e-23
-4.26291	-4.315e-23
-4.25791	-4.30132e-23
-4.25291	-4.2877e-23
-4.24791	-4.27414e-23
-4.24291	-4.26064e-23
-4.23791	-4.24721e-23
-4.23291	-4.23383e-23
-4.22791	-4.22052e-23
-4.22291	-4.20727e-23
-4.21791	-4.19408e-23
-4.21291	-4.18094e-23
-4.20791	-4.16787e-23
-4.20291	-4.15485e-23
-4.19791	-4.1419e-23
-4.19291	-4.129e-23
-4.18791	-4.11616e-23
-4.18291	-4.10338e-23
-4.17791	-4.09065e-23
-4.17291	-4.07799e-23
-4.16791	-4.06538e-23
-4.16291	-4.05282e-23
-4.15791	-4.04033e-23
-4.15291	-4.02788e-23
-4.14791	-4.0155e-23
-4.14291	-4.00317e-23
-4.13791	-3.99089e-23
-4.13291	-3.97867e-23
-4.12791	-3.9665e-23
-4.12291	-3.95439e-23
-4.11791	-3.94233e-23
-4.11291	-3.93033e-23
-4.10791	-3.91838e-23
-4.10291	-3.90648e-23
-4.09791	-3.89463e-23
-4.09291	-3.88284e-23
-4.08791	-3.8711e-23
-4.08291	-3.85941e-23
-4.07791	-3.84777e-23
-4.07291	-3.83619e-23
-4.06791	-3.82465e-23
-4.06291	-3.81317e-23
-4.05791	-3.80174e-23
-4.05291	-3.79035e-23
-4.04791	-3.77902e-23
-4.04291	-3.76774e-23
-4.03791	-3.7565e-23
-4.03291	-3.74532e-23
-4.02791	-3.73418e-23
-4.02291	-3.7231e-23
-4.01791	-3.71206e-23
-4.01291	-3.70107e-23
-4.00791	-3.69013e-23
-4.00291	-3.67923e-23
-3.99791	-3.66838e-23
-3.99291	-3.65759e-23
-3.98791	-3.64683e-23
-3.98291	-3.63613e-23
-3.97791	-3.62547e-23
-3.97291	-3.61486e-23
-3.96791	-3.60429e-23
-3.96291	-3.59377e-23
-3.95791	-3.58329e-23
-3.95291	-3.57286e-23
-3.94791	-3.56248e-23
-3.94291	-3.55214e-23
-3.93791	-3.54184e-23
-3.93291	-3.53159e-23
-3.92791	-3.52139e-23
-3.92291	-3.51122e-23
-3.91791	-3.5011e-23
-3.91291	-3.49103e-23
-3.90791	-3.481e-23
-3.90291	-3.47101e-23
-3.89791	-3.46106e-23
-3.89291	-3.45116e-23
-3.88791	-3.4413e-23
-3.88291	-3.43148e-23
-3.87791	-3.4217e-23
-3.87291	-3.41197e-23
-3.86791	-3.40227e-23
-3.86291	-3.39262e-23
-3.85791	-3.38301e-23
-3.85291	-3.37344e-23
-3.84791	-3.36391e-23
-3.84291	-3.35442e-23
-3.8379	-3.34497e-23
-3.8329	-3.33557e-23
-3.8279	-3.3262e-23
-3.8229	-3.31687e-23
-3.8179	-3.30758e-23
-3.8129	-3.29833e-23
-3.8079	-3.28912e-23
-3.8029	-3.27995e-23
-3.7979	-3.27082e-23
-3.7929	-3.26172e-23
-3.7879	-3.25267e-23
-3.7829	-3.24365e-23
-3.7779	-3.23467e-23
-3.7729	-3.22573e-23
-3.7679	-3.21683e-23
-3.7629	-3.20796e-23
-3.7579	-3.19913e-23
-3.7529	-3.19034e-23
-3.7479	-3.18158e-23
-3.7429	-3.17286e-23
-3.7379	-3.16418e-23
-3.7329	-3.15554e-23
-3.7279	-3.14693e-23
-3.7229	-3.13835e-23
-3.7179	-3.12981e-23
-3.7129	-3.12131e-23
-3.7079	-3.11285e-23
-3.7029	-3.10441e-23
-3.6979	-3.09602e-23
-3.6929	-3.08766e-23
-3.6879	-3.07933e-23
-3.6829	-3.07104e-23
-3.6779	-3.06278e-23
-3.6729	-3.05456e-23
-3.6679	-3.04637e-23
-3.6629	-3.03821e-23
-3.6579	-3.03009e-23
-3.6529	-3.022e-23
-3.6479	-3.01395e-23
-3.6429	-3.00593e-23
-3.6379	-2.99794e-23
-3.6329	-2.98999e-23
-3.6279	-2.98206e-23
-3.6229	-2.97417e-23
-3.6179	-2.96632e-23
-3.6129	-2.95849e-23
-3.6079	-2.9507e-23
-3.6029	-2.94294e-23
-3.5979	-2.93521e-23
-3.5929	-2.92752e-23
-3.5879	-2.91985e-23
-3.5829	-2.91222e-23
-3.5779	-2.90461e-23
-3.5729	-2.89704e-23
-3.5679	-2.8895e-23
-3.5629	-2.88199e-23
-3.5579	-2.87451e-23
-3.5529	-2.86707e-23
-3.5479	-2.85965e-23
-3.5429	-2.85226e-23
-3.5379	-2.8449e-23
-3.5329	-2.83758e-23
-3.5279	-2.83028e-23
-3.5229	-2.82301e-23
-3.5179	-2.81577e-23
-3.5129	-2.80856e-23
-3.5079	-2.80138e-23
-3.5029	-2.79423e-23
-3.4979	-2.78711e-23
-3.4929	-2.78002e-23
-3.4879	-2.77295e-23
-3.4829	-2.76592e-23
-3.4779	-2.75891e-23
-3.4729	-2.75193e-23
-3.4679	-2.74498e-23
-3.4629	-2.73806e-23
-3.4579	-2.73117e-23
-3.4529	-2.7243e-23
-3.4479	-2.71746e-23
-3.4429	-2.71065e-23
-3.4379	-2.70386e-23
-3.4329	-2.69711e-23
-3.4279	-2.69038e-23
-3.4229	-2.68368e-23
-3.4179	-2.677e-23
-3.4129	-2.67035e-23
-3.4079	-2.66373e-23
-3.40289	-2.65713e-23
-3.39789	-2.65056e-23
-3.39289	-2.64402e-23
-3.38789	-2.63751e-23
-3.38289	-2.63101e-23
-3.37789	-2.62455e-23
-3.37289	-2.61811e-23
-3.36789	-2.6117e-23
-3.36289	-2.60531e-23
-3.35789	-2.59895e-23
-3.35289	-2.59261e-23
-3.34789	-2.5863e-23
-3.34289	-2.58001e-23
-3.33789	-2.57375e-23
-3.33289	-2.56752e-23
-3.32789	-2.5613e-23
-3.32289	-2.55512e-23
-3.31789	-2.54896e-23
-3.31289	-2.54282e-23
-3.30789	-2.5367e-23
-3.30289	-2.53061e-23
-3.29789	-2.52455e-23
-3.29289	-2.51851e-23
-3.28789	-2.51249e-23
-3.28289	-2.5065e-23
-3.27789	-2.50053e-23
-3.27289	-2.49458e-23
-3.26789	-2.48866e-23
-3.26289	-2.48276e-23
-3.25789	-2.47688e-23
-3.25289	-2.47103e-23
-3.24789	-2.4652e-23
-3.24289	-2.45939e-23
-3.23789	-2.45361e-23
-3.23289	-2.44785e-23
-3.22789	-2.44211e-23
-3.22289	-2.43639e-23
-3.21789	-2.4307e-23
-3.21289	-2.42503e-23
-3.20789	-2.41938e-23
-3.20289	-2.41375e-23
-3.19789	-2.40815e-23
-3.19289	-2.40257e-23
-3.18789	-2.39701e-23
-3.18289	-2.39147e-23
-3.17789	-2.38595e-23
-3.17289	-2.38045e-23
-3.16789	-2.37498e-23
-3.16289	-2.36953e-23
-3.15789	-2.36409e-23
-3.15289	-2.35868e-23
-3.14789	-2.35329e-23
-3.14289	-2.34793e-23
-3.13789	-2.34258e-23
-3.13289	-2.33725e-23
-3.12789	-2.33195e-23
-3.12289	-2.32666e-23
-3.11789	-2.3214e-23
-3.11289	-2.31615e-23
-3.10789	-2.31093e-23
-3.10289	-2.30573e-23
-3.09789	-2.30054e-23
-3.09289	-2.29538e-23
-3.08789	-2.29024e-23
-3.08289	-2.28511e-23
-3.07789	-2.28001e-23
-3.07289	-2.27493e-23
-3.06789	-2.26986e-23
-3.06289	-2.26482e-23
-3.05789	-2.2598e-23
-3.05289	-2.25479e-23
-3.04789	-2.24981e-23
-3.04289	-2.24484e-23
-3.03789	-2.23989e-23
-3.03289	-2.23496e-23
-3.02789	-2.23005e-23
-3.02289	-2.22516e-23
-3.01789	-2.22029e-23
-3.01289	-2.21544e-23
-3.00789	-2.21061e-23
-3.00289	-2.20579e-23
-2.99789	-2.201e-23
-2.99289	-2.19622e-23
-2.98789	-2.19146e-23
-2.98289	-2.18672e-23
-2.97789	-2.18199e-23
-2.97289	-2.17729e-23
-2.96789	-2.1726e-23
-2.96288	-2.16793e-23
-2.95788	-2.16328e-23
-2.95288	-2.15865e-23
-2.94788	-2.15404e-23
-2.94288	-2.14944e-23
-2.93788	-2.14486e-23
-2.93288	-2.1403e-23
-2.92788	-2.13575e-23
-2.92288	-2.13122e-23
-2.91788	-2.12671e-23
-2.91288	-2.12222e-23
-2.90788	-2.11775e-23
-2.90288	-2.11329e-23
-2.89788	-2.10885e-23
-2.89288	-2.10442e-23
-2.88788	-2.10002e-23
-2.88288	-2.09563e-23
-2.87788	-2.09125e-23
-2.87288	-2.0869e-23
-2.86788	-2.08255e-23
-2.86288	-2.07823e-23
-2.85788	-2.07392e-23
-2.85288	-2.06963e-23
-2.84788	-2.06536e-23
-2.84288	-2.0611e-23
-2.83788	-2.05686e-23
-2.83288	-2.05263e-23
-2.82788	-2.04842e-23
-2.82288	-2.04423e-23
-2.81788	-2.04005e-23
-2.81288	-2.03589e-23
-2.80788	-2.03175e-23
-2.80288	-2.02762e-23
-2.79788	-2.0235e-23
-2.79288	-2.0194e-23
-2.78788	-2.01532e-23
-2.78288	-2.01125e-23
-2.77788	-2.0072e-23
-2.77288	-2.00317e-23
-2.76788	-1.99914e-23
-2.76288	-1.99514e-23
-2.75788	-1.99115e-23
-2.75288	-1.98717e-23
-2.74788	-1.98321e-23
-2.74288	-1.97927e-23
-2.73788	-1.97534e-23
-2.73288	-1.97142e-23
-2.72788	-1.96752e-23
-2.72288	-1.96364e-23
-2.71788	-1.95976e-23
-2.71288	-1.95591e-23
-2.70788	-1.95207e-23
-2.70288	-1.94824e-23
-2.69788	-1.94443e-23
-2.69288	-1.94063e-23
-2.68788	-1.93685e-23
-2.68288	-1.93308e-23
-2.67788	-1.92932e-23
-2.67288	-1.92558e-23
-2.66788	-1.92185e-23
-2.66288	-1.91814e-23
-2.65788	-1.91444e-23
-2.65288	-1.91076e-23
-2.64788	-1.90709e-23
-2.64288	-1.90343e-23
-2.63788	-1.89979e-23
-2.63288	-1.89616e-23
-2.62788	-1.89255e-23
-2.62288	-1.88894e-23
-2.61788	-1.88536e-23
-2.61288	-1.88178e-23
-2.60788	-1.87822e-23
-2.60288	-1.87467e-23
-2.59788	-1.87114e-23
-2.59288	-1.86762e-23
-2.58788	-1.86411e-23
-2.58288	-1.86062e-23
-2.57788	-1.85714e-23
-2.57288	-1.85367e-23
-2.56788	-1.85022e-23
-2.56288	-1.84677e-23
-2.55788	-1.84335e-23
-2.55288	-1.83993e-23
-2.54788	-1.83653e-23
-2.54288	-1.83314e-23
-2.53788	-1.82976e-23
-2.53288	-1.8264e-23
-2.52787	-1.82305e-23
-2.52287	-1.81971e-23
-2.51787	-1.81638e-23
-2.51287	-1.81307e-23
-2.50787	-1.80977e-23
-2.50287	-1.80648e-23
-2.49787	-1.8032e-23
-2.49287	-1.79994e-23
-2.48787	-1.79669e-23
-2.48287	-1.79345e-23
-2.47787	-1.79022e-23
-2.47287	-1.78701e-23
-2.46787	-1.78381e-23
-2.46287	-1.78062e-23
-2.45787	-1.77744e-23
-2.45287	-1.77427e-23
-2.44787	-1.77112e-23
-2.44287	-1.76798e-23
-2.43787	-1.76485e-23
-2.43287	-1.76173e-23
-2.42787	-1.75862e-23
-2.42287	-1.75553e-23
-2.41787	-1.75244e-23
-2.41287	-1.74937e-23
-2.40787	-1.74631e-23
-2.40287	-1.74326e-23
-2.39787	-1.74023e-23
-2.39287	-1.7372e-23
-2.38787	-1.73419e-23
-2.38287	-1.73118e-23
-2.37787	-1.72819e-23
-2.37287	-1.72521e-23
-2.36787	-1.72225e-23
-2.36287	-1.71929e-23
-2.35787	-1.71634e-23
-2.35287	-1.71341e-23
-2.34787	-1.71048e-23
-2.34287	-1.70757e-23
-2.33787	-1.70467e-23
-2.33287	-1.70178e-23
-2.32787	-1.6989e-23
-2.32287	-1.69603e-23
-2.31787	-1.69317e-23
-2.31287	-1.69033e-23
-2.30787	-1.68749e-23
-2.30287	-1.68467e-23
-2.29787	-1.68185e-23
-2.29287	-1.67905e-23
-2.28787	-1.67626e-23
-2.28287	-1.67347e-23
-2.27787	-1.6707e-23
-2.27287	-1.66794e-23
-2.26787	-1.66519e-23
-2.26287	-1.66245e-23
-2.25787	-1.65972e-23
-2.25287	-1.657e-23
-2.24787	-1.65429e-23
-2.24287	-1.65159e-23
-2.23787	-1.6489e-23
-2.23287	-1.64622e-23
-2.22787	-1.64356e-23
-2.22287	-1.6409e-23
-2.21787	-1.63825e-23
-2.21287	-1.63561e-23
-2.20787	-1.63299e-23
-2.20287	-1.63037e-23
-2.19787	-1.62776e-23
-2.19287	-1.62516e-23
-2.18787	-1.62257e-23
-2.18287	-1.62e-23
-2.17787	-1.61743e-23
-2.17287	-1.61487e-23
-2.16787	-1.61232e-23
-2.16287	-1.60978e-23
-2.15787	-1.60726e-23
-2.15287	-1.60474e-23
-2.14787	-1.60223e-23
-2.14287	-1.59973e-23
-2.13787	-1.59724e-23
-2.13287	-1.59476e-23
-2.12787	-1.59229e-23
-2.12287	-1.58982e-23
-2.11787	-1.58737e-23
-2.11287	-1.58493e-23
-2.10787	-1.5825e-23
-2.10287	-1.58007e-23
-2.09787	-1.57766e-23
-2.09286	-1.57525e-23
-2.08786	-1.57286e-23
-2.08286	-1.57047e-23
-2.07786	-1.56809e-23
-2.07286	-1.56572e-23
-2.06786	-1.56337e-23
-2.06286	-1.56102e-23
-2.05786	-1.55867e-23
-2.05286	-1.55634e-23
-2.04786	-1.55402e-23
-2.04286	-1.55171e-23
-2.03786	-1.5494e-23
-2.03286	-1.54711e-23
-2.02786	-1.54482e-23
-2.02286	-1.54254e-23
-2.01786	-1.54027e-23
-2.01286	-1.53801e-23
-2.00786	-1.53576e-23
-2.00286	-1.53352e-23
-1.99786	-1.53128e-23
-1.99286	-1.52906e-23
-1.98786	-1.52684e-23
-1.98286	-1.52463e-23
-1.97786	-1.52243e-23
-1.97286	-1.52024e-23
-1.96786	-1.51806e-23
-1.96286	-1.51589e-23
-1.95786	-1.51372e-23
-1.95286	-1.51157e-23
-1.94786	-1.50942e-23
-1.94286	-1.50728e-23
-1.93786	-1.50515e-23
-1.93286	-1.50302e-23
-1.92786	-1.50091e-23
-1.92286	-1.4988e-23
-1.91786	-1.49671e-23
-1.91286	-1.49462e-23
-1.90786	-1.49253e-23
-1.90286	-1.49046e-23
-1.89786	-1.4884e-23
-1.89286	-1.48634e-23
-1.88786	-1.48429e-23
-1.88286	-1.48225e-23
-1.87786	-1.48022e-23
-1.87286	-1.47819e-23
-1.86786	-1.47618e-23
-1.86286	-1.47417e-23
-1.85786	-1.47217e-23
-1.85286	-1.47018e-23
-1.84786	-1.46819e-23
-1.84286	-1.46622e-23
-1.83786	-1.46425e-23
-1.83286	-1.46229e-23
-1.82786	-1.46033e-23
-1.82286	-1.45839e-23
-1.81786	-1.45645e-23
-1.81286	-1.45452e-23
-1.80786	-1.4526e-23
-1.80286	-1.45069e-23
-1.79786	-1.44878e-23
-1.79286	-1.44688e-23
-1.78786	-1.44499e-23
-1.78286	-1.44311e-23
-1.77786	-1.44123e-23
-1.77286	-1.43937e-23
-1.76786	-1.4375e-23
-1.76286	-1.43565e-23
-1.75786	-1.43381e-23
-1.75286	-1.43197e-23
-1.74786	-1.43014e-23
-1.74286	-1.42832e-23
-1.73786	-1.4265e-23
-1.73286	-1.42469e-23
-1.72786	-1.42289e-23
-1.72286	-1.4211e-23
-1.71786	-1.41931e-23
-1.71286	-1.41753e-23
-1.70786	-1.41576e-23
-1.70286	-1.414e-23
-1.69786	-1.41224e-23
-1.69286	-1.41049e-23
-1.68786	-1.40875e-23
-1.68286	-1.40701e-23
-1.67786	-1.40529e-23
-1.67286	-1.40357e-23
-1.66786	-1.40185e-23
-1.66286	-1.40015e-23
-1.65786	-1.39845e-23
-1.65286	-1.39675e-23
-1.64786	-1.39507e-23
-1.64286	-1.39339e-23
-1.63786	-1.39172e-23
-1.63286	-1.39005e-23
-1.62786	-1.3884e-23
-1.62286	-1.38675e-23
-1.61786	-1.3851e-23
-1.61286	-1.38347e-23
-1.60786	-1.38184e-23
-1.60286	-1.38021e-23
-1.59786	-1.3786e-23
-1.59286	-1.37699e-23
-1.58786	-1.37539e-23
-1.58286	-1.37379e-23
-1.57786	-1.3722e-23
-1.57286	-1.37062e-23
-1.56786	-1.36905e-23
-1.56286	-1.36748e-23
-1.55786	-1.36592e-23
-1.55286	-1.36436e-23
-1.54786	-1.36281e-23
-1.54286	-1.36127e-23
-1.53786	-1.35974e-23
-1.53286	-1.35821e-23
-1.52786	-1.35669e-23
-1.52286	-1.35517e-23
-1.51786	-1.35366e-23
-1.51286	-1.35216e-23
-1.50786	-1.35067e-23
-1.50286	-1.34918e-23
-1.49786	-1.34769e-23
-1.49286	-1.34622e-23
-1.48786	-1.34475e-23
-1.48286	-1.34328e-23
-1.47786	-1.34183e-23
-1.47286	-1.34038e-23
-1.46786	-1.33893e-23
-1.46286	-1.3375e-23
-1.45786	-1.33607e-23
-1.45286	-1.33464e-23
-1.44786	-1.33322e-23
-1.44286	-1.33181e-23
-1.43786	-1.3304e-23
-1.43286	-1.329e-23
-1.42786	-1.32761e-23
-1.42286	-1.32622e-23
-1.41786	-1.32484e-23
-1.41286	-1.32347e-23
-1.40786	-1.3221e-23
-1.40286	-1.32074e-23
-1.39786	-1.31938e-23
-1.39286	-1.31803e-23
-1.38786	-1.31669e-23
-1.38286	-1.31535e-23
-1.37786	-1.31402e-23
-1.37286	-1.31269e-23
-1.36786	-1.31137e-23
-1.36286	-1.31006e-23
-1.35786	-1.30875e-23
-1.35286	-1.30745e-23
-1.34786	-1.30616e-23
-1.34286	-1.30487e-23
-1.33786	-1.30358e-23
-1.33286	-1.30231e-23
-1.32786	-1.30103e-23
-1.32286	-1.29977e-23
-1.31786	-1.29851e-23
-1.31286	-1.29726e-23
-1.30786	-1.29601e-23
-1.30286	-1.29477e-23
-1.29786	-1.29353e-23
-1.29286	-1.2923e-23
-1.28786	-1.29108e-23
-1.28286	-1.28986e-23
-1.27786	-1.28865e-23
-1.27286	-1.28744e-23
-1.26786	-1.28624e-23
-1.26286	-1.28504e-23
-1.25786	-1.28385e-23
-1.25286	-1.28267e-23
-1.24786	-1.28149e-23
-1.24286	-1.28032e-23
-1.23786	-1.27915e-23
-1.23286	-1.27799e-23
-1.22786	-1.27684e-23
-1.22286	-1.27569e-23
-1.21786	-1.27454e-23
-1.21286	-1.2734e-23
-1.20786	-1.27227e-23
-1.20286	-1.27115e-23
-1.19786	-1.27002e-23
-1.19286	-1.26891e-23
-1.18786	-1.2678e-23
-1.18286	-1.26669e-23
-1.17786	-1.26559e-23
-1.17286	-1.2645e-23
-1.16786	-1.26341e-23
-1.16286	-1.26233e-23
-1.15786	-1.26125e-23
-1.15286	-1.26018e-23
-1.14786	-1.25912e-23
-1.14286	-1.25806e-23
-1.13786	-1.257e-23
-1.13286	-1.25595e-23
-1.12786	-1.25491e-23
-1.12286	-1.25387e-23
-1.11786	-1.25284e-23
-1.11286	-1.25181e-23
-1.10786	-1.25079e-23
-1.10286	-1.24977e-23
-1.09786	-1.24876e-23
-1.09286	-1.24775e-23
-1.08786	-1.24675e-23
-1.08286	-1.24575e-23
-1.07786	-1.24476e-23
-1.07286	-1.24378e-23
-1.06786	-1.2428e-23
-1.06286	-1.24182e-23
-1.05786	-1.24086e-23
-1.05286	-1.23989e-23
-1.04786	-1.23893e-23
-1.04286	-1.23798e-23
-1.03786	-1.23703e-23
-1.03286	-1.23609e-23
-1.02786	-1.23515e-23
-1.02286	-1.23422e-23
-1.01786	-1.23329e-23
-1.01286	-1.23237e-23
-1.00786	-1.23145e-23
-1.00286	-1.23054e-23
-0.997864	-1.22963e-23
-0.992864	-1.22873e-23
-0.987864	-1.22784e-23
-0.982864	-1.22695e-23
-0.977864	-1.22606e-23
-0.972864	-1.22518e-23
-0.967864	-1.2243e-23
-0.962864	-1.22343e-23
-0.957864	-1.22257e-23
-0.952864	-1.22171e-23
-0.947864	-1.22085e-23
-0.942864	-1.22e-23
-0.937864	-1.21916e-23
-0.932864	-1.21831e-23
-0.927864	-1.21748e-23
-0.922864	-1.21665e-23
-0.917864	-1.21582e-23
-0.912864	-1.215e-23
-0.907864	-1.21419e-23
-0.902864	-1.21338e-23
-0.897864	-1.21257e-23
-0.892864	-1.21177e-23
-0.887864	-1.21098e-23
-0.882864	-1.21019e-23
-0.877864	-1.2094e-23
-0.872864	-1.20862e-23
-0.867864	-1.20785e-23
-0.862864	-1.20707e-23
-0.857864	-1.20631e-23
-0.852864	-1.20555e-23
-0.847864	-1.20479e-23
-0.842864	-1.20404e-23
-0.837864	-1.20329e-23
-0.832864	-1.20255e-23
-0.827864	-1.20182e-23
-0.822864	-1.20109e-23
-0.817864	-1.20036e-23
-0.812864	-1.19964e-23
-0.807864	-1.19892e-23
-0.802864	-1.19821e-23
-0.797864	-1.1975e-23
-0.792864	-1.1968e-23
-0.787864	-1.1961e-23
-0.782864	-1.19541e-23
-0.777864	-1.19472e-23
-0.772864	-1.19403e-23
-0.767864	-1.19335e-23
-0.762864	-1.19268e-23
-0.757864	-1.19201e-23
-0.752864	-1.19135e-23
-0.747864	-1.19069e-23
-0.742864	-1.19003e-23
-0.737864	-1.18938e-23
-0.732864	-1.18874e-23
-0.727864	-1.1881e-23
-0.722864	-1.18746e-23
-0.717864	-1.18683e-23
-0.712864	-1.1862e-23
-0.707864	-1.18558e-23
-0.702864	-1.18496e-23
-0.697864	-1.18435e-23
-0.692864	-1.18374e-23
-0.687864	-1.18314e-23
-0.682864	-1.18254e-23
-0.677864	-1.18194e-23
-0.672864	-1.18135e-23
-0.667864	-1.18077e-23
-0.662864	-1.18019e-23
-0.657864	-1.17961e-23
-0.652864	-1.17904e-23
-0.647864	-1.17848e-23
-0.642864	-1.17791e-23
-0.637864	-1.17736e-23
-0.632864	-1.17681e-23
-0.627864	-1.17626e-23
-0.622864	-1.17571e-23
-0.617864	-1.17517e-23
-0.612864	-1.17464e-23
-0.607864	-1.17411e-23
-0.602864	-1.17359e-23
-0.597864	-1.17307e-23
-0.592864	-1.17255e-23
-0.587864	-1.17204e-23
-0.582864	-1.17153e-23
-0.577864	-1.17103e-23
-0.572864	-1.17053e-23
-0.567864	-1.17004e-23
-0.562864	-1.16955e-23
-0.557864	-1.16906e-23
-0.552864	-1.16858e-23
-0.547864	-1.16811e-23
-0.542864	-1.16764e-23
-0.537864	-1.16717e-23
-0.532864	-1.16671e-23
-0.527864	-1.16625e-23
-0.522864	-1.1658e-23
-0.517864	-1.16535e-23
-0.512864	-1.16491e-23
-0.507864	-1.16447e-23
-0.502864	-1.16403e-23
-0.497864	-1.1636e-23
-0.492864	-1.16318e-23
-0.487864	-1.16275e-23
-0.482864	-1.16234e-23
-0.477864	-1.16192e-23
-0.472864	-1.16151e-23
-0.467864	-1.16111e-23
-0.462864	-1.16071e-23
-0.457864	-1.16032e-23
-0.452864	-1.15993e-23
-0.447864	-1.15954e-23
-0.442864	-1.15916e-23
-0.437864	-1.15878e-23
-0.432864	-1.15841e-23
-0.427864	-1.15804e-23
-0.422864	-1.15767e-23
-0.417864	-1.15731e-23
-0.412864	-1.15696e-23
-0.407864	-1.15661e-23
-0.402864	-1.15626e-23
-0.397864	-1.15592e-23
-0.392864	-1.15558e-23
-0.387864	-1.15525e-23
-0.382864	-1.15492e-23
-0.377864	-1.15459e-23
-0.372864	-1.15427e-23
-0.367864	-1.15395e-23
-0.362864	-1.15364e-23
-0.357864	-1.15333e-23
-0.352865	-1.15303e-23
-0.347865	-1.15273e-23
-0.342865	-1.15244e-23
-0.337865	-1.15215e-23
-0.332865	-1.15186e-23
-0.327865	-1.15158e-23
-0.322865	-1.1513e-23
-0.317865	-1.15103e-23
-0.312865	-1.15076e-23
-0.307865	-1.1505e-23
-0.302865	-1.15024e-23
-0.297865	-1.14998e-23
-0.292865	-1.14973e-23
-0.287865	-1.14948e-23
-0.282865	-1.14924e-23
-0.277865	-1.149e-23
-0.272865	-1.14877e-23
-0.267865	-1.14854e-23
-0.262865	-1.14831e-23
-0.257865	-1.14809e-23
-0.252865	-1.14787e-23
-0.247865	-1.14766e-23
-0.242865	-1.14745e-23
-0.237865	-1.14725e-23
-0.232865	-1.14705e-23
-0.227865	-1.14685e-23
-0.222865	-1.14666e-23
-0.217865	-1.14648e-23
-0.212865	-1.14629e-23
-0.207865	-1.14611e-23
-0.202865	-1.14594e-23
-0.197865	-1.14577e-23
-0.192865	-1.1456e-23
-0.187865	-1.14544e-23
-0.182865	-1.14529e-23
-0.177865	-1.14513e-23
-0.172865	-1.14498e-23
-0.167865	-1.14484e-23
-0.162865	-1.1447e-23
-0.157865	-1.14456e-23
-0.152865	-1.14443e-23
-0.147865	-1.1443e-23
-0.142865	-1.14418e-23
-0.137865	-1.14406e-23
-0.132865	-1.14395e-23
-0.127865	-1.14384e-23
-0.122865	-1.14373e-23
-0.117865	-1.14363e-23
-0.112865	-1.14353e-23
-0.107865	-1.14344e-23
-0.102865	-1.14335e-23
-0.0978647	-1.14326e-23
-0.0928647	-1.14318e-23
-0.0878647	-1.14311e-23
-0.0828647	-1.14303e-23
-0.0778647	-1.14297e-23
-0.0728647	-1.1429e-23
-0.0678647	-1.14284e-23
-0.0628647	-1.14279e-23
-0.0578647	-1.14274e-23
-0.0528647	-1.14269e-23
-0.0478647	-1.14265e-23
-0.0428647	-1.14261e-23
-0.0378647	-1.14257e-23
-0.0328647	-1.14254e-23
-0.0278647	-1.14252e-23
-0.0228647	-1.1425e-23
-0.0178647	-1.14248e-23
-0.0128647	-1.14247e-23
-0.00786469	-1.14246e-23
-0.00286469	-1.14245e-23
0.00213531	-1.14245e-23
0.00713531	-1.14246e-23
0.0121353	-1.14247e-23
0.0171353	-1.14248e-23
0.0221353	-1.14249e-23
0.0271353	-1.14252e-23
0.0321353	-1.14254e-23
0.0371353	-1.14257e-23
0.0421353	-1.1426e-23
0.0471353	-1.14264e-23
0.0521353	-1.14268e-23
0.0571353	-1.14273e-23
0.0621353	-1.14278e-23
0.0671353	-1.14283e-23
0.0721353	-1.14289e-23
0.0771353	-1.14296e-23
0.0821353	-1.14302e-23
0.0871353	-1.1431e-23
0.0921353	-1.14317e-23
0.0971353	-1.14325e-23
0.102135	-1.14334e-23
0.107135	-1.14342e-23
0.112135	-1.14352e-23
0.117135	-1.14361e-23
0.122135	-1.14372e-23
0.127135	-1.14382e-23
0.132135	-1.14393e-23
0.137135	-1.14405e-23
0.142135	-1.14416e-23
0.147135	-1.14429e-23
0.152135	-1.14441e-23
0.157135	-1.14454e-23
0.162135	-1.14468e-23
0.167135	-1.14482e-23
0.172135	-1.14496e-23
0.177135	-1.14511e-23
0.182135	-1.14526e-23
0.187135	-1.14542e-23
0.192135	-1.14558e-23
0.197135	-1.14575e-23
0.202135	-1.14591e-23
0.207135	-1.14609e-23
0.212135	-1.14627e-23
0.217135	-1.14645e-23
0.222135	-1.14663e-23
0.227135	-1.14683e-23
0.232135	-1.14702e-23
0.237135	-1.14722e-23
0.242135	-1.14742e-23
0.247135	-1.14763e-23
0.252135	-1.14784e-23
0.257135	-1.14806e-23
0.262135	-1.14828e-23
0.267135	-1.1485e-23
0.272135	-1.14873e-23
0.277135	-1.14897e-23
0.282135	-1.14921e-23
0.287135	-1.14945e-23
0.292135	-1.14969e-23
0.297135	-1.14994e-23
0.302135	-1.1502e-23
0.307135	-1.15046e-23
0.312135	-1.15072e-23
0.317135	-1.15099e-23
0.322135	-1.15126e-23
0.327135	-1.15154e-23
0.332135	-1.15182e-23
0.337135	-1.15211e-23
0.342135	-1.1524e-23
0.347135	-1.15269e-23
0.352135	-1.15299e-23
0.357135	-1.15329e-23
0.362135	-1.1536e-23
0.367135	-1.15391e-23
0.372135	-1.15422e-23
0.377135	-1.15454e-23
0.382135	-1.15487e-23
0.387135	-1.1552e-23
0.392135	-1.15553e-23
0.397135	-1.15587e-23
0.402135	-1.15621e-23
0.407135	-1.15656e-23
0.412135	-1.15691e-23
0.417135	-1.15726e-23
0.422135	-1.15762e-23
0.427135	-1.15798e-23
0.432135	-1.15835e-23
0.437135	-1.15872e-23
0.442135	-1.1591e-23
0.447135	-1.15948e-23
0.452135	-1.15987e-23
0.457135	-1.16026e-23
0.462135	-1.16065e-23
0.467135	-1.16105e-23
0.472135	-1.16146e-23
0.477135	-1.16186e-23
0.482135	-1.16228e-23
0.487135	-1.16269e-23
0.492135	-1.16311e-23
0.497135	-1.16354e-23
0.502135	-1.16397e-23
0.507135	-1.1644e-23
0.512135	-1.16484e-23
0.517135	-1.16529e-23
0.522135	-1.16573e-23
0.527135	-1.16619e-23
0.532135	-1.16664e-23
0.537135	-1.1671e-23
0.542135	-1.16757e-23
0.547135	-1.16804e-23
0.552135	-1.16851e-23
0.557135	-1.16899e-23
0.562135	-1.16948e-23
0.567135	-1.16997e-23
0.572135	-1.17046e-23
0.577135	-1.17096e-23
0.582135	-1.17146e-23
0.587135	-1.17196e-23
0.592135	-1.17247e-23
0.597135	-1.17299e-23
0.602135	-1.17351e-23
0.607135	-1.17403e-23
0.612135	-1.17456e-23
0.617135	-1.1751e-23
0.622135	-1.17563e-23
0.627135	-1.17618e-23
0.632135	-1.17672e-23
0.637135	-1.17728e-23
0.642135	-1.17783e-23
0.647135	-1.17839e-23
0.652135	-1.17896e-23
0.657135	-1.17953e-23
0.662135	-1.18011e-23
0.667135	-1.18068e-23
0.672135	-1.18127e-23
0.677135	-1.18186e-23
0.682135	-1.18245e-23
0.687135	-1.18305e-23
0.692135	-1.18365e-23
0.697135	-1.18426e-23
0.702135	-1.18487e-23
0.707135	-1.18549e-23
0.712135	-1.18611e-23
0.717135	-1.18674e-23
0.722135	-1.18737e-23
0.727135	-1.188e-23
0.732135	-1.18864e-23
0.737135	-1.18929e-23
0.742135	-1.18994e-23
0.747135	-1.19059e-23
0.752135	-1.19125e-23
0.757135	-1.19191e-23
0.762135	-1.19258e-23
0.767135	-1.19326e-23
0.772135	-1.19393e-23
0.777135	-1.19462e-23
0.782135	-1.1953e-23
0.787135	-1.196e-23
0.792135	-1.19669e-23
0.797135	-1.1974e-23
0.802135	-1.1981e-23
0.807135	-1.19881e-23
0.812135	-1.19953e-23
0.817135	-1.20025e-23
0.822135	-1.20098e-23
0.827135	-1.20171e-23
0.832135	-1.20245e-23
0.837135	-1.20319e-23
0.842135	-1.20393e-23
0.847135	-1.20468e-23
0.852135	-1.20544e-23
0.857135	-1.2062e-23
0.862135	-1.20696e-23
0.867135	-1.20773e-23
0.872135	-1.20851e-23
0.877135	-1.20929e-23
0.882135	-1.21007e-23
0.887135	-1.21086e-23
0.892135	-1.21166e-23
0.897135	-1.21246e-23
0.902135	-1.21326e-23
0.907135	-1.21407e-23
0.912135	-1.21488e-23
0.917135	-1.2157e-23
0.922135	-1.21653e-23
0.927135	-1.21736e-23
0.932135	-1.21819e-23
0.937135	-1.21903e-23
0.942135	-1.21988e-23
0.947135	-1.22073e-23
0.952135	-1.22158e-23
0.957135	-1.22244e-23
0.962135	-1.22331e-23
0.967135	-1.22418e-23
0.972135	-1.22505e-23
0.977135	-1.22593e-23
0.982135	-1.22682e-23
0.987135	-1.22771e-23
0.992135	-1.2286e-23
0.997135	-1.2295e-23
1.00213	-1.23041e-23
1.00713	-1.23132e-23
1.01213	-1.23224e-23
1.01713	-1.23316e-23
1.02213	-1.23408e-23
1.02713	-1.23501e-23
1.03213	-1.23595e-23
1.03713	-1.23689e-23
1.04213	-1.23784e-23
1.04713	-1.23879e-23
1.05213	-1.23975e-23
1.05713	-1.24071e-23
1.06213	-1.24168e-23
1.06713	-1.24266e-23
1.07213	-1.24364e-23
1.07713	-1.24462e-23
1.08213	-1.24561e-23
1.08713	-1.2466e-23
1.09213	-1.2476e-23
1.09713	-1.24861e-23
1.10213	-1.24962e-23
1.10713	-1.25064e-23
1.11213	-1.25166e-23
1.11713	-1.25269e-23
1.12213	-1.25372e-23
1.12713	-1.25476e-23
1.13213	-1.2558e-23
1.13713	-1.25685e-23
1.14213	-1.2579e-23
1.14713	-1.25896e-23
1.15213	-1.26003e-23
1.15713	-1.2611e-23
1.16213	-1.26217e-23
1.16713	-1.26326e-23
1.17213	-1.26434e-23
1.17713	-1.26543e-23
1.18213	-1.26653e-23
1.18713	-1.26764e-23
1.19213	-1.26875e-23
1.19713	-1.26986e-23
1.20213	-1.27098e-23
1.20713	-1.27211e-23
1.21213	-1.27324e-23
1.21713	-1.27438e-23
1.22213	-1.27552e-23
1.22713	-1.27667e-23
1.23213	-1.27782e-23
1.23713	-1.27898e-23
1.24213	-1.28015e-23
1.24713	-1.28132e-23
1.25213	-1.2825e-23
1.25713	-1.28368e-23
1.26213	-1.28487e-23
1.26713	-1.28606e-23
1.27213	-1.28726e-23
1.27713	-1.28847e-23
1.28213	-1.28968e-23
1.28713	-1.2909e-23
1.29213	-1.29212e-23
1.29713	-1.29335e-23
1.30213	-1.29459e-23
1.30713	-1.29583e-23
1.31213	-1.29707e-23
1.31713	-1.29833e-23
1.32213	-1.29958e-23
1.32713	-1.30085e-23
1.33213	-1.30212e-23
1.33713	-1.3034e-23
1.34213	-1.30468e-23
1.34713	-1.30597e-23
1.35213	-1.30726e-23
1.35713	-1.30856e-23
1.36213	-1.30987e-23
1.36713	-1.31118e-23
1.37213	-1.3125e-23
1.37713	-1.31382e-23
1.38213	-1.31516e-23
1.38713	-1.31649e-23
1.39213	-1.31783e-23
1.39713	-1.31918e-23
1.40213	-1.32054e-23
1.40713	-1.3219e-23
1.41213	-1.32327e-23
1.41713	-1.32464e-23
1.42213	-1.32602e-23
1.42713	-1.32741e-23
1.43213	-1.3288e-23
1.43713	-1.3302e-23
1.44213	-1.3316e-23
1.44713	-1.33302e-23
1.45213	-1.33443e-23
1.45713	-1.33586e-23
1.46213	-1.33729e-23
1.46713	-1.33872e-23
1.47213	-1.34017e-23
1.47713	-1.34162e-23
1.48213	-1.34307e-23
1.48713	-1.34453e-23
1.49213	-1.346e-23
1.49713	-1.34748e-23
1.50213	-1.34896e-23
1.50713	-1.35045e-23
1.51213	-1.35194e-23
1.51713	-1.35344e-23
1.52213	-1.35495e-23
1.52713	-1.35647e-23
1.53213	-1.35799e-23
1.53713	-1.35951e-23
1.54213	-1.36105e-23
1.54713	-1.36259e-23
1.55213	-1.36414e-23
1.55713	-1.36569e-23
1.56213	-1.36725e-23
1.56713	-1.36882e-23
1.57213	-1.37039e-23
1.57713	-1.37197e-23
1.58213	-1.37356e-23
1.58713	-1.37515e-23
1.59213	-1.37676e-23
1.59713	-1.37836e-23
1.60213	-1.37998e-23
1.60713	-1.3816e-23
1.61213	-1.38323e-23
1.61713	-1.38486e-23
1.62213	-1.38651e-23
1.62713	-1.38816e-23
1.63213	-1.38981e-23
1.63713	-1.39148e-23
1.64213	-1.39315e-23
1.64713	-1.39482e-23
1.65213	-1.39651e-23
1.65713	-1.3982e-23
1.66213	-1.3999e-23
1.66713	-1.4016e-23
1.67213	-1.40331e-23
1.67713	-1.40503e-23
1.68213	-1.40676e-23
1.68713	-1.4085e-23
1.69213	-1.41024e-23
1.69713	-1.41199e-23
1.70213	-1.41374e-23
1.70713	-1.4155e-23
1.71213	-1.41727e-23
1.71713	-1.41905e-23
1.72213	-1.42084e-23
1.72713	-1.42263e-23
1.73213	-1.42443e-23
1.73713	-1.42624e-23
1.74213	-1.42805e-23
1.74713	-1.42987e-23
1.75213	-1.4317e-23
1.75713	-1.43354e-23
1.76213	-1.43538e-23
1.76713	-1.43723e-23
1.77213	-1.43909e-23
1.77713	-1.44096e-23
1.78213	-1.44283e-23
1.78713	-1.44472e-23
1.79213	-1.44661e-23
1.79713	-1.4485e-23
1.80213	-1.45041e-23
1.80713	-1.45232e-23
1.81213	-1.45424e-23
1.81713	-1.45617e-23
1.82213	-1.45811e-23
1.82713	-1.46005e-23
1.83213	-1.462e-23
1.83713	-1.46396e-23
1.84213	-1.46593e-23
1.84713	-1.4679e-23
1.85213	-1.46989e-23
1.85713	-1.47188e-23
1.86213	-1.47388e-23
1.86713	-1.47588e-23
1.87213	-1.4779e-23
1.87713	-1.47992e-23
1.88213	-1.48195e-23
1.88713	-1.48399e-23
1.89213	-1.48604e-23
1.89713	-1.4881e-23
1.90213	-1.49016e-23
1.90713	-1.49223e-23
1.91213	-1.49431e-23
1.91713	-1.4964e-23
1.92213	-1.4985e-23
1.92713	-1.5006e-23
1.93213	-1.50271e-23
1.93713	-1.50484e-23
1.94213	-1.50697e-23
1.94713	-1.50911e-23
1.95213	-1.51125e-23
1.95713	-1.51341e-23
1.96213	-1.51557e-23
1.96713	-1.51774e-23
1.97213	-1.51992e-23
1.97713	-1.52211e-23
1.98213	-1.52431e-23
1.98713	-1.52652e-23
1.99213	-1.52873e-23
1.99713	-1.53096e-23
2.00213	-1.53319e-23
2.00713	-1.53543e-23
2.01213	-1.53768e-23
2.01713	-1.53994e-23
2.02213	-1.54221e-23
2.02713	-1.54449e-23
2.03213	-1.54677e-23
2.03713	-1.54907e-23
2.04213	-1.55137e-23
2.04713	-1.55368e-23
2.05213	-1.556e-23
2.05713	-1.55833e-23
2.06213	-1.56067e-23
2.06714	-1.56302e-23
2.07214	-1.56538e-23
2.07714	-1.56775e-23
2.08214	-1.57012e-23
2.08714	-1.57251e-23
2.09214	-1.5749e-23
2.09714	-1.57731e-23
2.10214	-1.57972e-23
2.10714	-1.58214e-23
2.11214	-1.58457e-23
2.11714	-1.58702e-23
2.12214	-1.58947e-23
2.12714	-1.59193e-23
2.13214	-1.5944e-23
2.13714	-1.59687e-23
2.14214	-1.59936e-23
2.14714	-1.60186e-23
2.15214	-1.60437e-23
2.15714	-1.60689e-23
2.16214	-1.60941e-23
2.16714	-1.61195e-23
2.17214	-1.6145e-23
2.17714	-1.61706e-23
2.18214	-1.61962e-23
2.18714	-1.6222e-23
2.19214	-1.62478e-23
2.19714	-1.62738e-23
2.20214	-1.62999e-23
2.20714	-1.6326e-23
2.21214	-1.63523e-23
2.21714	-1.63786e-23
2.22214	-1.64051e-23
2.22714	-1.64317e-23
2.23214	-1.64583e-23
2.23714	-1.64851e-23
2.24214	-1.6512e-23
2.24714	-1.6539e-23
2.25214	-1.6566e-23
2.25714	-1.65932e-23
2.26214	-1.66205e-23
2.26714	-1.66479e-23
2.27214	-1.66754e-23
2.27714	-1.6703e-23
2.28214	-1.67307e-23
2.28714	-1.67585e-23
2.29214	-1.67864e-23
2.29714	-1.68144e-23
2.30214	-1.68426e-23
2.30714	-1.68708e-23
2.31214	-1.68991e-23
2.31714	-1.69276e-23
2.32214	-1.69561e-23
2.32714	-1.69848e-23
2.33214	-1.70136e-23
2.33714	-1.70425e-23
2.34214	-1.70715e-23
2.34714	-1.71006e-23
2.35214	-1.71298e-23
2.35714	-1.71591e-23
2.36214	-1.71886e-23
2.36714	-1.72181e-23
2.37214	-1.72478e-23
2.37714	-1.72776e-23
2.38214	-1.73075e-23
2.38714	-1.73375e-23
2.39214	-1.73676e-23
2.39714	-1.73978e-23
2.40214	-1.74282e-23
2.40714	-1.74587e-23
2.41214	-1.74892e-23
2.41714	-1.75199e-23
2.42214	-1.75508e-23
2.42714	-1.75817e-23
2.43214	-1.76127e-23
2.43714	-1.76439e-23
2.44214	-1.76752e-23
2.44714	-1.77066e-23
2.45214	-1.77381e-23
2.45714	-1.77698e-23
2.46214	-1.78015e-23
2.46714	-1.78334e-23
2.47214	-1.78654e-23
2.47714	-1.78975e-23
2.48214	-1.79298e-23
2.48714	-1.79622e-23
2.49214	-1.79946e-23
2.49714	-1.80273e-23
2.50215	-1.806e-23
2.50715	-1.80929e-23
2.51215	-1.81259e-23
2.51715	-1.8159e-23
2.52215	-1.81922e-23
2.52715	-1.82256e-23
2.53215	-1.82591e-23
2.53715	-1.82927e-23
2.54215	-1.83265e-23
2.54715	-1.83603e-23
2.55215	-1.83943e-23
2.55715	-1.84285e-23
2.56215	-1.84627e-23
2.56715	-1.84971e-23
2.57215	-1.85317e-23
2.57715	-1.85663e-23
2.58215	-1.86011e-23
2.58715	-1.8636e-23
2.59215	-1.86711e-23
2.59715	-1.87063e-23
2.60215	-1.87416e-23
2.60715	-1.8777e-23
2.61215	-1.88126e-23
2.61715	-1.88483e-23
2.62215	-1.88842e-23
2.62715	-1.89202e-23
2.63215	-1.89563e-23
2.63715	-1.89926e-23
2.64215	-1.9029e-23
2.64715	-1.90655e-23
2.65215	-1.91022e-23
2.65715	-1.9139e-23
2.66215	-1.9176e-23
2.66715	-1.92131e-23
2.67215	-1.92504e-23
2.67715	-1.92877e-23
2.68215	-1.93253e-23
2.68715	-1.9363e-23
2.69215	-1.94008e-23
2.69715	-1.94387e-23
2.70215	-1.94768e-23
2.70715	-1.95151e-23
2.71215	-1.95535e-23
2.71715	-1.9592e-23
2.72215	-1.96307e-23
2.72715	-1.96695e-23
2.73215	-1.97085e-23
2.73715	-1.97477e-23
2.74215	-1.97869e-23
2.74715	-1.98264e-23
2.75215	-1.98659e-23
2.75715	-1.99057e-23
2.76215	-1.99456e-23
2.76715	-1.99856e-23
2.77215	-2.00258e-23
2.77715	-2.00661e-23
2.78215	-2.01066e-23
2.78715	-2.01473e-23
2.79215	-2.01881e-23
2.79715	-2.0229e-23
2.80215	-2.02702e-23
2.80715	-2.03114e-23
2.81215	-2.03529e-23
2.81715	-2.03945e-23
2.82215	-2.04362e-23
2.82715	-2.04781e-23
2.83215	-2.05202e-23
2.83715	-2.05624e-23
2.84215	-2.06048e-23
2.84715	-2.06474e-23
2.85215	-2.06901e-23
2.85715	-2.0733e-23
2.86215	-2.0776e-23
2.86715	-2.08192e-23
2.87215	-2.08626e-23
2.87715	-2.09062e-23
2.88215	-2.09499e-23
2.88715	-2.09937e-23
2.89215	-2.10378e-23
2.89715	-2.1082e-23
2.90215	-2.11264e-23
2.90715	-2.1171e-23
2.91215	-2.12157e-23
2.91715	-2.12606e-23
2.92215	-2.13057e-23
2.92715	-2.13509e-23
2.93215	-2.13963e-23
2.93716	-2.14419e-23
2.94216	-2.14877e-23
2.94716	-2.15336e-23
2.95216	-2.15798e-23
2.95716	-2.16261e-23
2.96216	-2.16725e-23
2.96716	-2.17192e-23
2.97216	-2.1766e-23
2.97716	-2.18131e-23
2.98216	-2.18603e-23
2.98716	-2.19077e-23
2.99216	-2.19552e-23
2.99716	-2.2003e-23
3.00216	-2.20509e-23
3.00716	-2.2099e-23
3.01216	-2.21473e-23
3.01716	-2.21958e-23
3.02216	-2.22445e-23
3.02716	-2.22934e-23
3.03216	-2.23425e-23
3.03716	-2.23917e-23
3.04216	-2.24412e-23
3.04716	-2.24908e-23
3.05216	-2.25406e-23
3.05716	-2.25906e-23
3.06216	-2.26409e-23
3.06716	-2.26913e-23
3.07216	-2.27419e-23
3.07716	-2.27927e-23
3.08216	-2.28437e-23
3.08716	-2.28949e-23
3.09216	-2.29463e-23
3.09716	-2.29979e-23
3.10216	-2.30497e-23
3.10716	-2.31017e-23
3.11216	-2.31539e-23
3.11716	-2.32063e-23
3.12216	-2.32589e-23
3.12716	-2.33117e-23
3.13216	-2.33648e-23
3.13716	-2.3418e-23
3.14216	-2.34715e-23
3.14716	-2.35251e-23
3.15216	-2.3579e-23
3.15716	-2.3633e-23
3.16216	-2.36873e-23
3.16716	-2.37418e-23
3.17216	-2.37965e-23
3.17716	-2.38515e-23
3.18216	-2.39066e-23
3.18716	-2.3962e-23
3.19216	-2.40175e-23
3.19716	-2.40733e-23
3.20216	-2.41293e-23
3.20716	-2.41856e-23
3.21216	-2.4242e-23
3.21716	-2.42987e-23
3.22216	-2.43556e-23
3.22716	-2.44127e-23
3.23216	-2.44701e-23
3.23716	-2.45277e-23
3.24216	-2.45855e-23
3.24716	-2.46435e-23
3.25216	-2.47018e-23
3.25716	-2.47603e-23
3.26216	-2.4819e-23
3.26716	-2.4878e-23
3.27216	-2.49372e-23
3.27716	-2.49966e-23
3.28216	-2.50563e-23
3.28716	-2.51162e-23
3.29216	-2.51763e-23
3.29716	-2.52367e-23
3.30216	-2.52973e-23
3.30716	-2.53581e-23
3.31216	-2.54192e-23
3.31716	-2.54806e-23
3.32216	-2.55422e-23
3.32716	-2.5604e-23
3.33216	-2.56661e-23
3.33716	-2.57284e-23
3.34216	-2.5791e-23
3.34716	-2.58538e-23
3.35216	-2.59169e-23
3.35716	-2.59802e-23
3.36216	-2.60438e-23
3.36716	-2.61076e-23
3.37216	-2.61717e-23
3.37717	-2.62361e-23
3.38217	-2.63007e-23
3.38717	-2.63656e-23
3.39217	-2.64307e-23
3.39717	-2.64961e-23
3.40217	-2.65617e-23
3.40717	-2.66277e-23
3.41217	-2.66938e-23
3.41717	-2.67603e-23
3.42217	-2.6827e-23
3.42717	-2.6894e-23
3.43217	-2.69612e-23
3.43717	-2.70288e-23
3.44217	-2.70966e-23
3.44717	-2.71646e-23
3.45217	-2.7233e-23
3.45717	-2.73016e-23
3.46217	-2.73705e-23
3.46717	-2.74397e-23
3.47217	-2.75092e-23
3.47717	-2.75789e-23
3.48217	-2.76489e-23
3.48717	-2.77193e-23
3.49217	-2.77899e-23
3.49717	-2.78607e-23
3.50217	-2.79319e-23
3.50717	-2.80034e-23
3.51217	-2.80751e-23
3.51717	-2.81472e-23
3.52217	-2.82195e-23
3.52717	-2.82922e-23
3.53217	-2.83651e-23
3.53717	-2.84383e-23
3.54217	-2.85119e-23
3.54717	-2.85857e-23
3.55217	-2.86598e-23
3.55717	-2.87343e-23
3.56217	-2.8809e-23
3.56717	-2.8884e-23
3.57217	-2.89594e-23
3.57717	-2.90351e-23
3.58217	-2.91111e-23
3.58717	-2.91873e-23
3.59217	-2.92639e-23
3.59717	-2.93409e-23
3.60217	-2.94181e-23
3.60717	-2.94957e-23
3.61217	-2.95735e-23
3.61717	-2.96517e-23
3.62217	-2.97303e-23
3.62717	-2.98091e-23
3.63217	-2.98883e-23
3.63717	-2.99678e-23
3.64217	-3.00476e-23
3.64717	-3.01278e-23
3.65217	-3.02083e-23
3.65717	-3.02891e-23
3.66217	-3.03703e-23
3.66717	-3.04518e-23
3.67217	-3.05336e-23
3.67717	-3.06158e-23
3.68217	-3.06983e-23
3.68717	-3.07812e-23
3.69217	-3.08644e-23
3.69717	-3.0948e-23
3.70217	-3.10319e-23
3.70717	-3.11161e-23
3.71217	-3.12007e-23
3.71717	-3.12857e-23
3.72217	-3.1371e-23
3.72717	-3.14567e-23
3.73217	-3.15428e-23
3.73717	-3.16292e-23
3.74217	-3.17159e-23
3.74717	-3.18031e-23
3.75217	-3.18906e-23
3.75717	-3.19784e-23
3.76217	-3.20667e-23
3.76717	-3.21553e-23
3.77217	-3.22443e-23
3.77717	-3.23336e-23
3.78217	-3.24234e-23
3.78717	-3.25135e-23
3.79217	-3.2604e-23
3.79717	-3.26949e-23
3.80217	-3.27862e-23
3.80717	-3.28778e-23
3.81218	-3.29699e-23
3.81718	-3.30623e-23
3.82218	-3.31551e-23
3.82718	-3.32483e-23
3.83218	-3.3342e-23
3.83718	-3.3436e-23
3.84218	-3.35304e-23
3.84718	-3.36252e-23
3.85218	-3.37205e-23
3.85718	-3.38161e-23
3.86218	-3.39122e-23
3.86718	-3.40086e-23
3.87218	-3.41055e-23
3.87718	-3.42028e-23
3.88218	-3.43005e-23
3.88718	-3.43986e-23
3.89218	-3.44972e-23
3.89718	-3.45961e-23
3.90218	-3.46955e-23
3.90718	-3.47954e-23
3.91218	-3.48956e-23
3.91718	-3.49963e-23
3.92218	-3.50974e-23
3.92718	-3.5199e-23
3.93218	-3.5301e-23
3.93718	-3.54034e-23
3.94218	-3.55063e-23
3.94718	-3.56097e-23
3.95218	-3.57135e-23
3.95718	-3.58177e-23
3.96218	-3.59224e-23
3.96718	-3.60275e-23
3.97218	-3.61331e-23
3.97718	-3.62392e-23
3.98218	-3.63457e-23
3.98718	-3.64527e-23
3.99218	-3.65601e-23
3.99718	-3.66681e-23
4.00218	-3.67765e-23
4.00718	-3.68853e-23
4.01218	-3.69947e-23
4.01718	-3.71045e-23
4.02218	-3.72148e-23
4.02718	-3.73256e-23
4.03218	-3.74369e-23
4.03718	-3.75487e-23
4.04218	-3.76609e-23
4.04718	-3.77737e-23
4.05218	-3.7887e-23
4.05718	-3.80007e-23
4.06218	-3.8115e-23
4.06718	-3.82297e-23
4.07218	-3.8345e-23
4.07718	-3.84608e-23
4.08218	-3.85771e-23
4.08718	-3.86939e-23
4.09218	-3.88112e-23
4.09718	-3.89291e-23
4.10218	-3.90475e-23
4.10718	-3.91664e-23
4.11218	-3.92858e-23
4.11718	-3.94058e-23
4.12218	-3.95263e-23
4.12718	-3.96473e-23
4.13218	-3.97689e-23
4.13718	-3.98911e-23
4.14218	-4.00137e-23
4.14718	-4.0137e-23
4.15218	-4.02607e-23
4.15718	-4.03851e-23
4.16218	-4.051e-23
4.16718	-4.06354e-23
4.17218	-4.07614e-23
4.17718	-4.0888e-23
4.18218	-4.10152e-23
4.18718	-4.11429e-23
4.19218	-4.12712e-23
4.19718	-4.14001e-23
4.20218	-4.15296e-23
4.20718	-4.16597e-23
4.21218	-4.17903e-23
4.21718	-4.19216e-23
4.22218	-4.20534e-23
4.22718	-4.21858e-23
4.23218	-4.23189e-23
4.23718	-4.24525e-23
4.24218	-4.25868e-23
4.24718	-4.27217e-23
4.25218	-4.28571e-23
4.25718	-4.29933e-23
4.26219	-4.313e-23
4.26719	-4.32673e-23
4.27219	-4.34053e-23
4.27719	-4.35439e-23
4.28219	-4.36832e-23
4.28719	-4.38231e-23
4.29219	-4.39636e-23
4.29719	-4.41048e-23
4.30219	-4.42466e-23
4.30719	-4.43891e-23
4.31219	-4.45323e-23
4.31719	-4.46761e-23
4.32219	-4.48206e-23
4.32719	-4.49657e-23
4.33219	-4.51115e-23
4.33719	-4.5258e-23
4.34219	-4.54052e-23
4.34719	-4.55531e-23
4.35219	-4.57016e-23
4.35719	-4.58508e-23
4.36219	-4.60008e-23
4.36719	-4.61514e-23
4.37219	-4.63027e-23
4.37719	-4.64548e-23
4.38219	-4.66075e-23
4.38719	-4.6761e-23
4.39219	-4.69152e-23
4.39719	-4.70701e-23
4.40219	-4.72257e-23
4.40719	-4.73821e-23
4.41219	-4.75392e-23
4.41719	-4.7697e-23
4.42219	-4.78556e-23
4.42719	-4.8015e-23
4.43219	-4.8175e-23
4.43719	-4.83359e-23
4.44219	-4.84975e-23
4.44719	-4.86599e-23
4.45219	-4.8823e-23
4.45719	-4.89869e-23
4.46219	-4.91516e-23
4.46719	-4.93171e-23
4.47219	-4.94833e-23
4.47719	-4.96504e-23
4.48219	-4.98182e-23
4.48719	-4.99869e-23
4.49219	-5.01564e-23
4.49719	-5.03266e-23
4.50219	-5.04977e-23
4.50719	-5.06696e-23
4.51219	-5.08423e-23
4.51719	-5.10159e-23
4.52219	-5.11903e-23
4.52719	-5.13655e-23
4.53219	-5.15416e-23
4.53719	-5.17185e-23
4.54219	-5.18962e-23
4.54719	-5.20749e-23
4.55219	-5.22544e-23
4.55719	-5.24347e-23
4.56219	-5.2616e-23
4.56719	-5.27981e-23
4.57219	-5.29811e-23
4.57719	-5.31649e-23
4.58219	-5.33497e-23
4.58719	-5.35354e-23
4.59219	-5.3722e-23
4.59719	-5.39095e-23
4.60219	-5.40979e-23
4.60719	-5.42872e-23
4.61219	-5.44774e-23
4.61719	-5.46686e-23
4.62219	-5.48607e-23
4.62719	-5.50538e-23
4.63219	-5.52478e-23
4.63719	-5.54427e-23
4.64219	-5.56387e-23
4.64719	-5.58355e-23
4.65219	-5.60334e-23
4.65719	-5.62322e-23
4.66219	-5.6432e-23
4.66719	-5.66328e-23
4.67219	-5.68346e-23
4.67719	-5.70374e-23
4.68219	-5.72412e-23
4.68719	-5.7446e-23
4.69219	-5.76519e-23
4.6972	-5.78587e-23
4.7022	-5.80666e-23
4.7072	-5.82755e-23
4.7122	-5.84855e-23
4.7172	-5.86965e-23
4.7222	-5.89085e-23
4.7272	-5.91217e-23
4.7322	-5.93358e-23
4.7372	-5.95511e-23
4.7422	-5.97675e-23
4.7472	-5.99849e-23
4.7522	-6.02034e-23
4.7572	-6.0423e-23
4.7622	-6.06438e-23
4.7672	-6.08656e-23
4.7722	-6.10886e-23
4.7772	-6.13127e-23
4.7822	-6.15379e-23
4.7872	-6.17643e-23
4.7922	-6.19918e-23
4.7972	-6.22205e-23
4.8022	-6.24503e-23
4.8072	-6.26813e-23
4.8122	-6.29135e-23
4.8172	-6.31469e-23
4.8222	-6.33814e-23
4.8272	-6.36172e-23
4.8322	-6.38541e-23
4.8372	-6.40923e-23
4.8422	-6.43317e-23
4.8472	-6.45723e-23
4.8522	-6.48142e-23
4.8572	-6.50573e-23
4.8622	-6.53016e-23
4.8672	-6.55472e-23
4.8722	-6.57941e-23
4.8772	-6.60423e-23
4.8822	-6.62917e-23
4.8872	-6.65424e-23
4.8922	-6.67944e-23
4.8972	-6.70478e-23
4.9022	-6.73024e-23
4.9072	-6.75584e-23
4.9122	-6.78157e-23
4.9172	-6.80743e-23
4.9222	-6.83343e-23
4.9272	-6.85957e-23
4.9322	-6.88584e-23
4.9372	-6.91225e-23
4.9422	-6.93879e-23
4.9472	-6.96548e-23
4.9522	-6.9923e-23
4.9572	-7.01927e-23
4.9622	-7.04638e-23
4.9672	-7.07363e-23
4.9722	-7.10103e-23
4.9772	-7.12857e-23
4.9822	-7.15625e-23
4.9872	-7.18408e-23
4.9922	-7.21206e-23
4.9972	-7.24019e-23
5.0022	-7.26846e-23
5.0072	-7.29689e-23
5.0122	-7.32547e-23
5.0172	-7.35419e-23
5.0222	-7.38308e-23
5.0272	-7.41211e-23
5.0322	-7.4413e-23
5.0372	-7.47065e-23
5.0422	-7.50016e-23
5.0472	-7.52982e-23
5.0522	-7.55964e-23
5.0572	-7.58962e-23
5.0622	-7.61977e-23
5.0672	-7.65007e-23
5.0722	-7.68054e-23
5.0772	-7.71117e-23
5.0822	-7.74197e-23
5.0872	-7.77293e-23
5.0922	-7.80406e-23
5.0972	-7.83537e-23
5.1022	-7.86684e-23
5.1072	-7.89848e-23
5.1122	-7.93029e-23
5.1172	-7.96228e-23
5.1222	-7.99444e-23
5.1272	-8.02677e-23
5.13221	-8.05928e-23
5.13721	-8.09197e-23
5.14221	-8.12484e-23
5.14721	-8.15789e-23
5.15221	-8.19112e-23
5.15721	-8.22453e-23
5.16221	-8.25813e-23
5.16721	-8.29191e-23
5.17221	-8.32588e-23
5.17721	-8.36003e-23
5.18221	-8.39438e-23
5.18721	-8.42891e-23
5.19221	-8.46363e-23
5.19721	-8.49855e-23
5.20221	-8.53366e-23
5.20721	-8.56896e-23
5.21221	-8.60446e-23
5.21721	-8.64016e-23
5.22221	-8.67606e-23
5.22721	-8.71216e-23
5.23221	-8.74846e-23
5.23721	-8.78496e-23
5.24221	-8.82167e-23
5.24721	-8.85858e-23
5.25221	-8.8957e-23
5.25721	-8.93303e-23
5.26221	-8.97056e-23
5.26721	-9.00831e-23
5.27221	-9.04627e-23
5.27721	-9.08445e-23
5.28221	-9.12284e-23
5.28721	-9.16145e-23
5.29221	-9.20028e-23
5.29721	-9.23932e-23
5.30221	-9.27859e-23
5.30721	-9.31809e-23
5.31221	-9.3578e-23
5.31721	-9.39775e-23
5.32221	-9.43792e-23
5.32721	-9.47832e-23
5.33221	-9.51895e-23
5.33721	-9.55981e-23
5.34221	-9.60091e-23
5.34721	-9.64224e-23
5.35221	-9.68381e-23
5.35721	-9.72562e-23
5.36221	-9.76767e-23
5.36721	-9.80996e-23
5.37221	-9.8525e-23
5.37721	-9.89528e-23
5.38221	-9.93831e-23
5.38721	-9.98159e-23
5.39221	-1.00251e-22
5.39721	-1.00689e-22
5.40221	-1.01129e-22
5.40721	-1.01572e-22
5.41221	-1.02018e-22
5.41721	-1.02466e-22
5.42221	-1.02917e-22
5.42721	-1.0337e-22
5.43221	-1.03826e-22
5.43721	-1.04285e-22
5.44221	-1.04746e-22
5.44721	-1.0521e-22
5.45221	-1.05677e-22
5.45721	-1.06146e-22
5.46221	-1.06619e-22
5.46721	-1.07094e-22
5.47221	-1.07572e-22
5.47721	-1.08052e-22
5.48221	-1.08536e-22
5.48721	-1.09022e-22
5.49221	-1.09512e-22
5.49721	-1.10004e-22
5.50221	-1.10499e-22
5.50721	-1.10997e-22
5.51221	-1.11498e-22
5.51721	-1.12002e-22
5.52221	-1.1251e-22
5.52721	-1.1302e-22
5.53221	-1.13533e-22
5.53721	-1.14049e-22
5.54221	-1.14568e-22
5.54721	-1.15091e-22
5.55221	-1.15617e-22
5.55721	-1.16145e-22
5.56221	-1.16677e-22
5.56721	-1.17213e-22
5.57222	-1.17751e-22
5.57722	-1.18293e-22
5.58222	-1.18838e-22
5.58722	-1.19386e-22
5.59222	-1.19938e-22
5.59722	-1.20493e-22
5.60222	-1.21051e-22
5.60722	-1.21613e-22
5.61222	-1.22178e-22
5.61722	-1.22747e-22
5.62222	-1.23319e-22
5.62722	-1.23894e-22
5.63222	-1.24474e-22
5.63722	-1.25056e-22
5.64222	-1.25643e-22
5.64722	-1.26233e-22
5.65222	-1.26826e-22
5.65722	-1.27423e-22
5.66222	-1.28024e-22
5.66722	-1.28629e-22
5.67222	-1.29238e-22
5.67722	-1.2985e-22
5.68222	-1.30466e-22
5.68722	-1.31086e-22
5.69222	-1.31709e-22
5.69722	-1.32337e-22
5.70222	-1.32968e-22
5.70722	-1.33604e-22
5.71222	-1.34243e-22
5.71722	-1.34887e-22
5.72222	-1.35534e-22
5.72722	-1.36186e-22
5.73222	-1.36841e-22
5.73722	-1.37501e-22
5.74222	-1.38165e-22
5.74722	-1.38833e-22
5.75222	-1.39505e-22
5.75722	-1.40182e-22
5.76222	-1.40863e-22
5.76722	-1.41548e-22
5.77222	-1.42238e-22
5.77722	-1.42932e-22
5.78222	-1.4363e-22
5.78722	-1.44333e-22
5.79222	-1.4504e-22
5.79722	-1.45752e-22
5.80222	-1.46468e-22
5.80722	-1.47189e-22
5.81222	-1.47915e-22
5.81722	-1.48645e-22
5.82222	-1.4938e-22
5.82722	-1.5012e-22
5.83222	-1.50864e-22
5.83722	-1.51613e-22
5.84222	-1.52367e-22
5.84722	-1.53126e-22
5.85222	-1.5389e-22
5.85722	-1.54659e-22
5.86222	-1.55433e-22
5.86722	-1.56212e-22
5.87222	-1.56996e-22
5.87722	-1.57785e-22
5.88222	-1.58579e-22
5.88722	-1.59378e-22
5.89222	-1.60183e-22
5.89722	-1.60993e-22
5.90222	-1.61808e-22
5.90722	-1.62629e-22
5.91222	-1.63455e-22
5.91722	-1.64286e-22
5.92222	-1.65123e-22
5.92722	-1.65965e-22
5.93222	-1.66813e-22
5.93722	-1.67667e-22
5.94222	-1.68526e-22
5.94722	-1.69391e-22
5.95222	-1.70262e-22
5.95722	-1.71138e-22
5.96222	-1.7202e-22
5.96722	-1.72908e-22
5.97222	-1.73803e-22
5.97722	-1.74703e-22
5.98222	-1.75609e-22
5.98722	-1.76521e-22
5.99222	-1.77439e-22
5.99722	-1.78364e-22
6.00222	-1.79294e-22
6.00723	-1.80231e-22
6.01223	-1.81174e-22
6.01723	-1.82124e-22
6.02223	-1.8308e-22
6.02723	-1.84043e-22
6.03223	-1.85012e-22
6.03723	-1.85987e-22
6.04223	-1.86969e-22
6.04723	-1.87958e-22
6.05223	-1.88954e-22
6.05723	-1.89956e-22
6.06223	-1.90965e-22
6.06723	-1.91981e-22
6.07223	-1.93004e-22
6.07723	-1.94035e-22
6.08223	-1.95072e-22
6.08723	-1.96116e-22
6.09223	-1.97167e-22
6.09723	-1.98226e-22
6.10223	-1.99292e-22
6.10723	-2.00365e-22
6.11223	-2.01446e-22
6.11723	-2.02534e-22
6.12223	-2.0363e-22
6.12723	-2.04733e-22
6.13223	-2.05844e-22
6.13723	-2.06963e-22
6.14223	-2.08089e-22
6.14723	-2.09223e-22
6.15223	-2.10365e-22
6.15723	-2.11516e-22
6.16223	-2.12674e-22
6.16723	-2.1384e-22
6.17223	-2.15015e-22
6.17723	-2.16197e-22
6.18223	-2.17388e-22
6.18723	-2.18588e-22
6.19223	-2.19795e-22
6.19723	-2.21012e-22
6.20223	-2.22237e-22
6.20723	-2.2347e-22
6.21223	-2.24713e-22
6.21723	-2.25964e-22
6.22223	-2.27224e-22
6.22723	-2.28492e-22
6.23223	-2.2977e-22
6.23723	-2.31057e-22
6.24223	-2.32353e-22
6.24723	-2.33659e-22
6.25223	-2.34973e-22
6.25723	-2.36297e-22
6.26223	-2.37631e-22
6.26723	-2.38974e-22
6.27223	-2.40327e-22
6.27723	-2.41689e-22
6.28223	-2.43061e-22
6.28723	-2.44443e-22
6.29223	-2.45835e-22
6.29723	-2.47237e-22
6.30223	-2.4865e-22
6.30723	-2.50072e-22
6.31223	-2.51505e-22
6.31723	-2.52948e-22
6.32223	-2.54401e-22
6.32723	-2.55865e-22
6.33223	-2.5734e-22
6.33723	-2.58825e-22
6.34223	-2.60321e-22
6.34723	-2.61828e-22
6.35223	-2.63346e-22
6.35723	-2.64876e-22
6.36223	-2.66416e-22
6.36723	-2.67968e-22
6.37223	-2.69531e-22
6.37723	-2.71105e-22
6.38223	-2.72691e-22
6.38723	-2.74289e-22
6.39223	-2.75898e-22
6.39723	-2.77519e-22
6.40223	-2.79152e-22
6.40723	-2.80798e-22
6.41223	-2.82455e-22
6.41723	-2.84125e-22
6.42223	-2.85807e-22
6.42723	-2.87501e-22
6.43223	-2.89208e-22
6.43723	-2.90928e-22
6.44223	-2.9266e-22
6.44724	-2.94405e-22
6.45224	-2.96164e-22
6.45724	-2.97935e-22
6.46224	-2.9972e-22
6.46724	-3.01517e-22
6.47224	-3.03329e-22
6.47724	-3.05154e-22
6.48224	-3.06992e-22
6.48724	-3.08844e-22
6.49224	-3.10711e-22
6.49724	-3.12591e-22
6.50224	-3.14485e-22
6.50724	-3.16394e-22
6.51224	-3.18316e-22
6.51724	-3.20254e-22
6.52224	-3.22206e-22
6.52724	-3.24172e-22
6.53224	-3.26154e-22
6.53724	-3.2815e-22
6.54224	-3.30162e-22
6.54724	-3.32188e-22
6.55224	-3.3423e-22
6.55724	-3.36288e-22
6.56224	-3.38361e-22
6.56724	-3.4045e-22
6.57224	-3.42554e-22
6.57724	-3.44675e-22
6.58224	-3.46812e-22
6.58724	-3.48965e-22
6.59224	-3.51134e-22
6.59724	-3.5332e-22
6.60224	-3.55522e-22
6.60724	-3.57742e-22
6.61224	-3.59978e-22
6.61724	-3.62231e-22
6.62224	-3.64502e-22
6.62724	-3.6679e-22
6.63224	-3.69095e-22
6.63724	-3.71418e-22
6.64224	-3.73759e-22
6.64724	-3.76117e-22
6.65224	-3.78494e-22
6.65724	-3.80889e-22
6.66224	-3.83302e-22
6.66724	-3.85734e-22
6.67224	-3.88184e-22
6.67724	-3.90653e-22
6.68224	-3.93141e-22
6.68724	-3.95648e-22
6.69224	-3.98175e-22
6.69724	-4.00721e-22
6.70224	-4.03286e-22
6.70724	-4.05871e-22
6.71224	-4.08476e-22
6.71724	-4.11101e-22
6.72224	-4.13746e-22
6.72724	-4.16411e-22
6.73224	-4.19097e-22
6.73724	-4.21804e-22
6.74224	-4.24531e-22
6.74724	-4.27279e-22
6.75224	-4.30049e-22
6.75724	-4.3284e-22
6.76224	-4.35652e-22
6.76724	-4.38485e-22
6.77224	-4.41341e-22
6.77724	-4.44218e-22
6.78224	-4.47118e-22
6.78724	-4.5004e-22
6.79224	-4.52984e-22
6.79724	-4.5595e-22
6.80224	-4.5894e-22
6.80724	-4.61952e-22
6.81224	-4.64988e-22
6.81724	-4.68046e-22
6.82224	-4.71128e-22
6.82724	-4.74234e-22
6.83224	-4.77363e-22
6.83724	-4.80516e-22
6.84224	-4.83694e-22
6.84724	-4.86895e-22
6.85224	-4.90121e-22
6.85724	-4.93371e-22
6.86224	-4.96646e-22
6.86724	-4.99946e-22
6.87224	-5.03271e-22
6.87724	-5.06621e-22
6.88225	-5.09997e-22
6.88725	-5.13398e-22
6.89225	-5.16824e-22
6.89725	-5.20277e-22
6.90225	-5.23755e-22
6.90725	-5.27259e-22
6.91225	-5.3079e-22
6.91725	-5.34347e-22
6.92225	-5.37931e-22
6.92725	-5.41542e-22
6.93225	-5.45179e-22
6.93725	-5.48843e-22
6.94225	-5.52535e-22
6.94725	-5.56253e-22
6.95225	-5.6e-22
6.95725	-5.63773e-22
6.96225	-5.67575e-22
6.96725	-5.71404e-22
6.97225	-5.75261e-22
6.97725	-5.79147e-22
6.98225	-5.8306e-22
6.98725	-5.87002e-22
6.99225	-5.90972e-22
6.99725	-5.94971e-22
7.00225	-5.98998e-22
7.00725	-6.03054e-22
7.01225	-6.07139e-22
7.01725	-6.11253e-22
7.02225	-6.15396e-22
7.02725	-6.19568e-22
7.03225	-6.23769e-22
7.03725	-6.27999e-22
7.04225	-6.32259e-22
7.04725	-6.36548e-22
7.05225	-6.40866e-22
7.05725	-6.45214e-22
7.06225	-6.49591e-22
7.06725	-6.53998e-22
7.07225	-6.58434e-22
7.07725	-6.629e-22
7.08225	-6.67395e-22
7.08725	-6.7192e-22
7.09225	-6.76474e-22
7.09725	-6.81058e-22
7.10225	-6.85671e-22
7.10725	-6.90314e-22
7.11225	-6.94986e-22
7.11725	-6.99687e-22
7.12225	-7.04417e-22
7.12725	-7.09177e-22
7.13225	-7.13965e-22
7.13725	-7.18782e-22
7.14225	-7.23628e-22
7.14725	-7.28502e-22
7.15225	-7.33405e-22
7.15725	-7.38336e-22
7.16225	-7.43295e-22
7.16725	-7.48281e-22
7.17225	-7.53295e-22
7.17725	-7.58337e-22
7.18225	-7.63405e-22
7.18725	-7.685e-22
7.19225	-7.73621e-22
7.19725	-7.78768e-22
7.20225	-7.8394e-22
7.20725	-7.89138e-22
7.21225	-7.94361e-22
7.21725	-7.99608e-22
7.22225	-8.04879e-22
7.22725	-8.10173e-22
7.23225	-8.15489e-22
7.23725	-8.20828e-22
7.24225	-8.26189e-22
7.24725	-8.31571e-22
7.25225	-8.36972e-22
7.25725	-8.42394e-22
7.26225	-8.47834e-22
7.26725	-8.53292e-22
7.27225	-8.58768e-22
7.27725	-8.6426e-22
7.28225	-8.69767e-22
7.28725	-8.75289e-22
7.29225	-8.80824e-22
7.29725	-8.86372e-22
7.30225	-8.91931e-22
7.30725	-8.975e-22
7.31225	-9.03078e-22
7.31726	-9.08664e-22
7.32226	-9.14256e-22
7.32726	-9.19853e-22
7.33226	-9.25454e-22
7.33726	-9.31056e-22
7.34226	-9.36658e-22
7.34726	-9.4226e-22
7.35226	-9.47858e-22
7.35726	-9.53451e-22
7.36226	-9.59038e-22
7.36726	-9.64615e-22
7.37226	-9.70182e-22
7.37726	-9.75736e-22
7.38226	-9.81274e-22
7.38726	-9.86795e-22
7.39226	-9.92295e-22
7.39726	-9.97773e-22
7.40226	-1.00323e-21
7.40726	-1.00865e-21
7.41226	-1.01404e-21
7.41726	-1.0194e-21
7.42226	-1.02472e-21
7.42726	-1.03001e-21
7.43226	-1.03524e-21
7.43726	-1.04043e-21
7.44226	-1.04557e-21
7.44726	-1.05065e-21
7.45226	-1.05568e-21
7.45726	-1.06064e-21
7.46226	-1.06553e-21
7.46726	-1.07035e-21
7.47226	-1.0751e-21
7.47726	-1.07976e-21
7.48226	-1.08434e-21
7.48726	-1.08882e-21
7.49226	-1.0932e-21
7.49726	-1.09749e-21
7.50226	-1.10166e-21
7.50726	-1.10572e-21
7.51226	-1.10965e-21
7.51726	-1.11345e-21
7.52226	-1.11712e-21
7.52726	-1.12065e-21
7.53226	-1.12403e-21
7.53726	-1.12724e-21
7.54226	-1.13029e-21
7.54726	-1.13317e-21
7.55226	-1.13586e-21
7.55726	-1.13835e-21
7.56226	-1.14065e-21
7.56726	-1.14273e-21
7.57226	-1.14459e-21
7.57726	-1.14621e-21
7.58226	-1.14759e-21
7.58726	-1.14871e-21
7.59226	-1.14957e-21
7.59726	-1.15014e-21
7.60226	-1.15042e-21
7.60726	-1.15039e-21
7.61226	-1.15004e-21
7.61726	-1.14935e-21
7.62226	-1.14831e-21
7.62726	-1.1469e-21
7.63226	-1.14511e-21
7.63726	-1.14292e-21
7.64226	-1.14031e-21
7.64726	-1.13726e-21
7.65226	-1.13376e-21
7.65726	-1.12978e-21
7.66226	-1.12531e-21
7.66726	-1.12031e-21
7.67226	-1.11478e-21
7.67726	-1.10868e-21
7.68226	-1.102e-21
7.68726	-1.0947e-21
7.69226	-1.08676e-21
7.69726	-1.07816e-21
7.70226	-1.06886e-21
7.70726	-1.05885e-21
7.71226	-1.04807e-21
7.71726	-1.03651e-21
7.72226	-1.02414e-21
7.72726	-1.01091e-21
7.73226	-9.96794e-22
7.73726	-9.81754e-22
7.74226	-9.6575e-22
7.74726	-9.48744e-22
7.75226	-9.30694e-22
7.75727	-9.11556e-22
7.76227	-8.91286e-22
7.76727	-8.69838e-22
7.77227	-8.47162e-22
7.77727	-8.23208e-22
7.78227	-7.97925e-22
7.78727	-7.71257e-22
7.79227	-7.43148e-22
7.79727	-7.13539e-22
7.80227	-6.82369e-22
7.80727	-6.49573e-22
7.81227	-6.15087e-22
7.81727	-5.7884e-22
7.82227	-5.4076e-22
7.82727	-5.00774e-22
7.83227	-4.58804e-22
7.83727	-4.14769e-22
7.84227	-3.68584e-22
7.84727	-3.20163e-22
7.85227	-2.69415e-22
7.85727	-2.16244e-22
7.86227	-1.60552e-22
7.86727	-1.02237e-22
7.87227	-4.11919e-23
7.87727	2.26942e-23
7.88227	8.95369e-23
7.88727	1.59457e-22
7.89227	2.32578e-22
7.89727	3.09033e-22
7.90227	3.88956e-22
7.90727	4.72489e-22
7.91227	5.59778e-22
7.91727	6.50978e-22
7.92227	7.46247e-22
7.92727	8.45752e-22
7.93227	9.49666e-22
7.93727	1.05817e-21
7.94227	1.17145e-21
7.94727	1.2897e-21
7.95227	1.41313e-21
7.95727	1.54195e-21
7.96227	1.67637e-21
7.96727	1.81664e-21
7.97227	1.96299e-21
7.97727	2.11567e-21
7.98227	2.27493e-21
7.98727	2.44106e-21
7.99227	2.61434e-21
7.99727	2.79506e-21
8.00227	2.98353e-21
