-7.003	7.86699e-20
-6.998	7.6738e-20
-6.993	7.4851e-20
-6.988	7.3008e-20
-6.983	7.12077e-20
-6.978	6.94492e-20
-6.973	6.77314e-20
-6.968	6.60534e-20
-6.963	6.44141e-20
-6.958	6.28127e-20
-6.953	6.12482e-20
-6.948	5.97198e-20
-6.943	5.82265e-20
-6.938	5.67675e-20
-6.933	5.53421e-20
-6.928	5.39493e-20
-6.923	5.25884e-20
-6.918	5.12587e-20
-6.913	4.99594e-20
-6.908	4.86898e-20
-6.903	4.74492e-20
-6.898	4.62368e-20
-6.893	4.50521e-20
-6.888	4.38943e-20
-6.883	4.27628e-20
-6.878	4.16571e-20
-6.873	4.05765e-20
-6.868	3.95203e-20
-6.863	3.84881e-20
-6.858	3.74793e-20
-6.853	3.64933e-20
-6.848	3.55296e-20
-6.843	3.45877e-20
-6.838	3.36671e-20
-6.833	3.27672e-20
-6.828	3.18876e-20
-6.823	3.10278e-20
-6.818	3.01874e-20
-6.813	2.93659e-20
-6.808	2.85629e-20
-6.803	2.7778e-20
-6.798	2.70106e-20
-6.79299	2.62605e-20
-6.78799	2.55273e-20
-6.78299	2.48105e-20
-6.77799	2.41097e-20
-6.77299	2.34247e-20
-6.76799	2.2755e-20
-6.76299	2.21003e-20
-6.75799	2.14603e-20
-6.75299	2.08346e-20
-6.74799	2.02229e-20
-6.74299	1.96248e-20
-6.73799	1.90402e-20
-6.73299	1.84686e-20
-6.72799	1.79098e-20
-6.72299	1.73635e-20
-6.71799	1.68294e-20
-6.71299	1.63072e-20
-6.70799	1.57967e-20
-6.70299	1.52976e-20
-6.69799	1.48096e-20
-6.69299	1.43325e-20
-6.68799	1.38661e-20
-6.68299	1.34101e-20
-6.67799	1.29643e-20
-6.67299	1.25284e-20
-6.66799	1.21023e-20
-6.66299	1.16857e-20
-6.65799	1.12784e-20
-6.65299	1.08802e-20
-6.64799	1.0491e-20
-6.64299	1.01104e-20
-6.63799	9.73833e-21
-6.63299	9.3746e-21
-6.62799	9.019e-21
-6.62299	8.67138e-21
-6.61799	8.33154e-21
-6.61299	7.99931e-21
-6.60799	7.67454e-21
-6.60299	7.35706e-21
-6.59799	7.04671e-21
-6.59299	6.74333e-21
-6.58799	6.44676e-21
-6.58299	6.15688e-21
-6.57799	5.87351e-21
-6.57299	5.59654e-21
-6.56799	5.32581e-21
-6.56299	5.06118e-21
-6.55799	4.80254e-21
-6.55299	4.54975e-21
-6.54799	4.30267e-21
-6.54299	4.0612e-21
-6.53799	3.8252e-21
-6.53299	3.59456e-21
-6.52799	3.36916e-21
-6.52299	3.14889e-21
-6.51799	2.93364e-21
-6.51299	2.72331e-21
-6.50799	2.51778e-21
-6.50299	2.31695e-21
-6.49799	2.12073e-21
-6.49299	1.92901e-21
-6.48799	1.74169e-21
-6.48299	1.55869e-21
-6.47799	1.37991e-21
-6.47299	1.20525e-21
-6.46799	1.03464e-21
-6.46299	8.67987e-22
-6.45799	7.05203e-22
-6.45299	5.46208e-22
-6.44799	3.90921e-22
-6.44299	2.39262e-22
-6.43799	9.11556e-23
-6.43299	-5.34747e-23
-6.42799	-1.94702e-22
-6.42299	-3.326e-22
-6.41799	-4.67238e-22
-6.41299	-5.98686e-22
-6.40799	-7.2701e-22
-6.40299	-8.52278e-22
-6.39799	-9.74554e-22
-6.39299	-1.0939e-21
-6.38799	-1.21038e-21
-6.38299	-1.32406e-21
-6.37799	-1.43498e-21
-6.37299	-1.54322e-21
-6.36799	-1.64883e-21
-6.36299	-1.75186e-21
-6.35799	-1.85237e-21
-6.35298	-1.95041e-21
-6.34798	-2.04603e-21
-6.34298	-2.13929e-21
-6.33798	-2.23023e-21
-6.33298	-2.3189e-21
-6.32798	-2.40535e-21
-6.32298	-2.48963e-21
-6.31798	-2.57178e-21
-6.31298	-2.65185e-21
-6.30798	-2.72988e-21
-6.30298	-2.80592e-21
-6.29798	-2.88e-21
-6.29298	-2.95217e-21
-6.28798	-3.02247e-21
-6.28298	-3.09093e-21
-6.27798	-3.1576e-21
-6.27298	-3.22251e-21
-6.26798	-3.2857e-21
-6.26298	-3.34721e-21
-6.25798	-3.40706e-21
-6.25298	-3.46531e-21
-6.24798	-3.52197e-21
-6.24298	-3.57709e-21
-6.23798	-3.63069e-21
-6.23298	-3.68281e-21
-6.22798	-3.73348e-21
-6.22298	-3.78273e-21
-6.21798	-3.83059e-21
-6.21298	-3.87708e-21
-6.20798	-3.92225e-21
-6.20298	-3.9661e-21
-6.19798	-4.00868e-21
-6.19298	-4.05001e-21
-6.18798	-4.09012e-21
-6.18298	-4.12902e-21
-6.17798	-4.16675e-21
-6.17298	-4.20334e-21
-6.16798	-4.2388e-21
-6.16298	-4.27316e-21
-6.15798	-4.30644e-21
-6.15298	-4.33866e-21
-6.14798	-4.36986e-21
-6.14298	-4.40004e-21
-6.13798	-4.42923e-21
-6.13298	-4.45746e-21
-6.12798	-4.48474e-21
-6.12298	-4.51109e-21
-6.11798	-4.53653e-21
-6.11298	-4.56109e-21
-6.10798	-4.58477e-21
-6.10298	-4.6076e-21
-6.09798	-4.6296e-21
-6.09298	-4.65079e-21
-6.08798	-4.67117e-21
-6.08298	-4.69078e-21
-6.07798	-4.70962e-21
-6.07298	-4.72771e-21
-6.06798	-4.74507e-21
-6.06298	-4.76171e-21
-6.05798	-4.77766e-21
-6.05298	-4.79291e-21
-6.04798	-4.8075e-21
-6.04298	-4.82143e-21
-6.03798	-4.83471e-21
-6.03298	-4.84737e-21
-6.02798	-4.85941e-21
-6.02298	-4.87085e-21
-6.01798	-4.88171e-21
-6.01298	-4.89198e-21
-6.00798	-4.90169e-21
-6.00298	-4.91086e-21
-5.99798	-4.91948e-21
-5.99298	-4.92757e-21
-5.98798	-4.93515e-21
-5.98298	-4.94222e-21
-5.97798	-4.94881e-21
-5.97298	-4.9549e-21
-5.96798	-4.96053e-21
-5.96298	-4.96569e-21
-5.95798	-4.97041e-21
-5.95298	-4.97468e-21
-5.94798	-4.97852e-21
-5.94298	-4.98194e-21
-5.93798	-4.98494e-21
-5.93298	-4.98755e-21
-5.92798	-4.98976e-21
-5.92298	-4.99158e-21
-5.91797	-4.99303e-21
-5.91297	-4.9941e-21
-5.90797	-4.99482e-21
-5.90297	-4.99519e-21
-5.89797	-4.99521e-21
-5.89297	-4.9949e-21
-5.88797	-4.99426e-21
-5.88297	-4.9933e-21
-5.87797	-4.99203e-21
-5.87297	-4.99045e-21
-5.86797	-4.98857e-21
-5.86297	-4.9864e-21
-5.85797	-4.98394e-21
-5.85297	-4.98121e-21
-5.84797	-4.9782e-21
-5.84297	-4.97493e-21
-5.83797	-4.9714e-21
-5.83297	-4.96762e-21
-5.82797	-4.96359e-21
-5.82297	-4.95931e-21
-5.81797	-4.95481e-21
-5.81297	-4.95007e-21
-5.80797	-4.94511e-21
-5.80297	-4.93993e-21
-5.79797	-4.93454e-21
-5.79297	-4.92894e-21
-5.78797	-4.92314e-21
-5.78297	-4.91714e-21
-5.77797	-4.91095e-21
-5.77297	-4.90457e-21
-5.76797	-4.898e-21
-5.76297	-4.89126e-21
-5.75797	-4.88435e-21
-5.75297	-4.87726e-21
-5.74797	-4.87001e-21
-5.74297	-4.8626e-21
-5.73797	-4.85503e-21
-5.73297	-4.84731e-21
-5.72797	-4.83944e-21
-5.72297	-4.83142e-21
-5.71797	-4.82327e-21
-5.71297	-4.81497e-21
-5.70797	-4.80655e-21
-5.70297	-4.79799e-21
-5.69797	-4.78931e-21
-5.69297	-4.78051e-21
-5.68797	-4.77158e-21
-5.68297	-4.76254e-21
-5.67797	-4.75339e-21
-5.67297	-4.74413e-21
-5.66797	-4.73477e-21
-5.66297	-4.7253e-21
-5.65797	-4.71573e-21
-5.65297	-4.70606e-21
-5.64797	-4.6963e-21
-5.64297	-4.68645e-21
-5.63797	-4.67651e-21
-5.63297	-4.66648e-21
-5.62797	-4.65637e-21
-5.62297	-4.64618e-21
-5.61797	-4.63591e-21
-5.61297	-4.62557e-21
-5.60797	-4.61515e-21
-5.60297	-4.60467e-21
-5.59797	-4.59411e-21
-5.59297	-4.58349e-21
-5.58797	-4.57281e-21
-5.58297	-4.56206e-21
-5.57797	-4.55126e-21
-5.57297	-4.5404e-21
-5.56797	-4.52948e-21
-5.56297	-4.51851e-21
-5.55797	-4.50749e-21
-5.55297	-4.49643e-21
-5.54797	-4.48531e-21
-5.54297	-4.47415e-21
-5.53797	-4.46295e-21
-5.53297	-4.4517e-21
-5.52797	-4.44042e-21
-5.52297	-4.4291e-21
-5.51797	-4.41774e-21
-5.51297	-4.40635e-21
-5.50797	-4.39492e-21
-5.50297	-4.38346e-21
-5.49797	-4.37198e-21
-5.49297	-4.36046e-21
-5.48797	-4.34892e-21
-5.48296	-4.33735e-21
-5.47796	-4.32576e-21
-5.47296	-4.31415e-21
-5.46796	-4.30252e-21
-5.46296	-4.29086e-21
-5.45796	-4.27919e-21
-5.45296	-4.2675e-21
-5.44796	-4.2558e-21
-5.44296	-4.24408e-21
-5.43796	-4.23235e-21
-5.43296	-4.2206e-21
-5.42796	-4.20884e-21
-5.42296	-4.19708e-21
-5.41796	-4.1853e-21
-5.41296	-4.17352e-21
-5.40796	-4.16173e-21
-5.40296	-4.14994e-21
-5.39796	-4.13814e-21
-5.39296	-4.12633e-21
-5.38796	-4.11453e-21
-5.38296	-4.10272e-21
-5.37796	-4.09091e-21
-5.37296	-4.0791e-21
-5.36796	-4.0673e-21
-5.36296	-4.05549e-21
-5.35796	-4.04369e-21
-5.35296	-4.03189e-21
-5.34796	-4.02009e-21
-5.34296	-4.0083e-21
-5.33796	-3.99652e-21
-5.33296	-3.98474e-21
-5.32796	-3.97297e-21
-5.32296	-3.96121e-21
-5.31796	-3.94946e-21
-5.31296	-3.93771e-21
-5.30796	-3.92598e-21
-5.30296	-3.91426e-21
-5.29796	-3.90255e-21
-5.29296	-3.89085e-21
-5.28796	-3.87916e-21
-5.28296	-3.86749e-21
-5.27796	-3.85583e-21
-5.27296	-3.84418e-21
-5.26796	-3.83255e-21
-5.26296	-3.82094e-21
-5.25796	-3.80934e-21
-5.25296	-3.79776e-21
-5.24796	-3.78619e-21
-5.24296	-3.77464e-21
-5.23796	-3.76312e-21
-5.23296	-3.7516e-21
-5.22796	-3.74011e-21
-5.22296	-3.72864e-21
-5.21796	-3.71719e-21
-5.21296	-3.70575e-21
-5.20796	-3.69434e-21
-5.20296	-3.68295e-21
-5.19796	-3.67158e-21
-5.19296	-3.66023e-21
-5.18796	-3.64891e-21
-5.18296	-3.6376e-21
-5.17796	-3.62632e-21
-5.17296	-3.61506e-21
-5.16796	-3.60383e-21
-5.16296	-3.59262e-21
-5.15796	-3.58143e-21
-5.15296	-3.57027e-21
-5.14796	-3.55913e-21
-5.14296	-3.54802e-21
-5.13796	-3.53694e-21
-5.13296	-3.52588e-21
-5.12796	-3.51484e-21
-5.12296	-3.50383e-21
-5.11796	-3.49285e-21
-5.11296	-3.48189e-21
-5.10796	-3.47096e-21
-5.10296	-3.46006e-21
-5.09796	-3.44918e-21
-5.09296	-3.43834e-21
-5.08796	-3.42752e-21
-5.08296	-3.41672e-21
-5.07796	-3.40596e-21
-5.07296	-3.39522e-21
-5.06796	-3.38451e-21
-5.06296	-3.37383e-21
-5.05796	-3.36318e-21
-5.05296	-3.35256e-21
-5.04796	-3.34197e-21
-5.04295	-3.3314e-21
-5.03795	-3.32087e-21
-5.03295	-3.31036e-21
-5.02795	-3.29989e-21
-5.02295	-3.28944e-21
-5.01795	-3.27903e-21
-5.01295	-3.26864e-21
-5.00795	-3.25829e-21
-5.00295	-3.24796e-21
-4.99795	-3.23766e-21
-4.99295	-3.2274e-21
-4.98795	-3.21716e-21
-4.98295	-3.20696e-21
-4.97795	-3.19679e-21
-4.97295	-3.18664e-21
-4.96795	-3.17653e-21
-4.96295	-3.16645e-21
-4.95795	-3.1564e-21
-4.95295	-3.14638e-21
-4.94795	-3.13639e-21
-4.94295	-3.12643e-21
-4.93795	-3.11651e-21
-4.93295	-3.10661e-21
-4.92795	-3.09675e-21
-4.92295	-3.08691e-21
-4.91795	-3.07711e-21
-4.91295	-3.06734e-21
-4.90795	-3.0576e-21
-4.90295	-3.0479e-21
-4.89795	-3.03822e-21
-4.89295	-3.02857e-21
-4.88795	-3.01896e-21
-4.88295	-3.00938e-21
-4.87795	-2.99983e-21
-4.87295	-2.99031e-21
-4.86795	-2.98082e-21
-4.86295	-2.97137e-21
-4.85795	-2.96194e-21
-4.85295	-2.95255e-21
-4.84795	-2.94319e-21
-4.84295	-2.93386e-21
-4.83795	-2.92456e-21
-4.83295	-2.9153e-21
-4.82795	-2.90606e-21
-4.82295	-2.89686e-21
-4.81795	-2.88769e-21
-4.81295	-2.87855e-21
-4.80795	-2.86944e-21
-4.80295	-2.86036e-21
-4.79795	-2.85131e-21
-4.79295	-2.8423e-21
-4.78795	-2.83331e-21
-4.78295	-2.82436e-21
-4.77795	-2.81544e-21
-4.77295	-2.80655e-21
-4.76795	-2.79769e-21
-4.76295	-2.78886e-21
-4.75795	-2.78007e-21
-4.75295	-2.7713e-21
-4.74795	-2.76257e-21
-4.74295	-2.75386e-21
-4.73795	-2.74519e-21
-4.73295	-2.73655e-21
-4.72795	-2.72794e-21
-4.72295	-2.71936e-21
-4.71795	-2.71081e-21
-4.71295	-2.70229e-21
-4.70795	-2.69381e-21
-4.70295	-2.68535e-21
-4.69795	-2.67692e-21
-4.69295	-2.66853e-21
-4.68795	-2.66016e-21
-4.68295	-2.65183e-21
-4.67795	-2.64352e-21
-4.67295	-2.63525e-21
-4.66795	-2.627e-21
-4.66295	-2.61879e-21
-4.65795	-2.61061e-21
-4.65295	-2.60245e-21
-4.64795	-2.59433e-21
-4.64295	-2.58623e-21
-4.63795	-2.57817e-21
-4.63295	-2.57013e-21
-4.62795	-2.56213e-21
-4.62295	-2.55415e-21
-4.61795	-2.54621e-21
-4.61295	-2.53829e-21
-4.60794	-2.53041e-21
-4.60294	-2.52255e-21
-4.59794	-2.51472e-21
-4.59294	-2.50692e-21
-4.58794	-2.49915e-21
-4.58294	-2.49141e-21
-4.57794	-2.4837e-21
-4.57294	-2.47602e-21
-4.56794	-2.46836e-21
-4.56294	-2.46074e-21
-4.55794	-2.45314e-21
-4.55294	-2.44557e-21
-4.54794	-2.43803e-21
-4.54294	-2.43052e-21
-4.53794	-2.42304e-21
-4.53294	-2.41558e-21
-4.52794	-2.40816e-21
-4.52294	-2.40076e-21
-4.51794	-2.39339e-21
-4.51294	-2.38605e-21
-4.50794	-2.37873e-21
-4.50294	-2.37144e-21
-4.49794	-2.36418e-21
-4.49294	-2.35695e-21
-4.48794	-2.34975e-21
-4.48294	-2.34257e-21
-4.47794	-2.33542e-21
-4.47294	-2.3283e-21
-4.46794	-2.32121e-21
-4.46294	-2.31414e-21
-4.45794	-2.3071e-21
-4.45294	-2.30009e-21
-4.44794	-2.2931e-21
-4.44294	-2.28614e-21
-4.43794	-2.27921e-21
-4.43294	-2.2723e-21
-4.42794	-2.26542e-21
-4.42294	-2.25856e-21
-4.41794	-2.25174e-21
-4.41294	-2.24494e-21
-4.40794	-2.23816e-21
-4.40294	-2.23141e-21
-4.39794	-2.22469e-21
-4.39294	-2.21799e-21
-4.38794	-2.21132e-21
-4.38294	-2.20467e-21
-4.37794	-2.19805e-21
-4.37294	-2.19146e-21
-4.36794	-2.18489e-21
-4.36294	-2.17835e-21
-4.35794	-2.17183e-21
-4.35294	-2.16534e-21
-4.34794	-2.15887e-21
-4.34294	-2.15242e-21
-4.33794	-2.14601e-21
-4.33294	-2.13961e-21
-4.32794	-2.13324e-21
-4.32294	-2.1269e-21
-4.31794	-2.12058e-21
-4.31294	-2.11429e-21
-4.30794	-2.10802e-21
-4.30294	-2.10177e-21
-4.29794	-2.09555e-21
-4.29294	-2.08935e-21
-4.28794	-2.08318e-21
-4.28294	-2.07703e-21
-4.27794	-2.0709e-21
-4.27294	-2.0648e-21
-4.26794	-2.05872e-21
-4.26294	-2.05267e-21
-4.25794	-2.04664e-21
-4.25294	-2.04063e-21
-4.24794	-2.03465e-21
-4.24294	-2.02869e-21
-4.23794	-2.02275e-21
-4.23294	-2.01683e-21
-4.22794	-2.01094e-21
-4.22294	-2.00507e-21
-4.21794	-1.99923e-21
-4.21294	-1.9934e-21
-4.20794	-1.9876e-21
-4.20294	-1.98183e-21
-4.19794	-1.97607e-21
-4.19294	-1.97034e-21
-4.18794	-1.96463e-21
-4.18294	-1.95894e-21
-4.17794	-1.95327e-21
-4.17294	-1.94763e-21
-4.16793	-1.94201e-21
-4.16293	-1.93641e-21
-4.15793	-1.93083e-21
-4.15293	-1.92527e-21
-4.14793	-1.91974e-21
-4.14293	-1.91422e-21
-4.13793	-1.90873e-21
-4.13293	-1.90326e-21
-4.12793	-1.89781e-21
-4.12293	-1.89239e-21
-4.11793	-1.88698e-21
-4.11293	-1.88159e-21
-4.10793	-1.87623e-21
-4.10293	-1.87089e-21
-4.09793	-1.86556e-21
-4.09293	-1.86026e-21
-4.08793	-1.85498e-21
-4.08293	-1.84972e-21
-4.07793	-1.84448e-21
-4.07293	-1.83926e-21
-4.06793	-1.83406e-21
-4.06293	-1.82888e-21
-4.05793	-1.82372e-21
-4.05293	-1.81858e-21
-4.04793	-1.81346e-21
-4.04293	-1.80837e-21
-4.03793	-1.80329e-21
-4.03293	-1.79823e-21
-4.02793	-1.79319e-21
-4.02293	-1.78817e-21
-4.01793	-1.78317e-21
-4.01293	-1.77819e-21
-4.00793	-1.77323e-21
-4.00293	-1.76828e-21
-3.99793	-1.76336e-21
-3.99293	-1.75846e-21
-3.98793	-1.75357e-21
-3.98293	-1.74871e-21
-3.97793	-1.74386e-21
-3.97293	-1.73903e-21
-3.96793	-1.73422e-21
-3.96293	-1.72943e-21
-3.95793	-1.72466e-21
-3.95293	-1.71991e-21
-3.94793	-1.71517e-21
-3.94293	-1.71046e-21
-3.93793	-1.70576e-21
-3.93293	-1.70108e-21
-3.92793	-1.69642e-21
-3.92293	-1.69178e-21
-3.91793	-1.68715e-21
-3.91293	-1.68254e-21
-3.90793	-1.67796e-21
-3.90293	-1.67338e-21
-3.89793	-1.66883e-21
-3.89293	-1.66429e-21
-3.88793	-1.65978e-21
-3.88293	-1.65527e-21
-3.87793	-1.65079e-21
-3.87293	-1.64633e-21
-3.86793	-1.64188e-21
-3.86293	-1.63745e-21
-3.85793	-1.63303e-21
-3.85293	-1.62863e-21
-3.84793	-1.62425e-21
-3.84293	-1.61989e-21
-3.83793	-1.61555e-21
-3.83293	-1.61122e-21
-3.82793	-1.6069e-21
-3.82293	-1.60261e-21
-3.81793	-1.59833e-21
-3.81293	-1.59407e-21
-3.80793	-1.58982e-21
-3.80293	-1.58559e-21
-3.79793	-1.58138e-21
-3.79293	-1.57718e-21
-3.78793	-1.573e-21
-3.78293	-1.56883e-21
-3.77793	-1.56469e-21
-3.77293	-1.56055e-21
-3.76793	-1.55644e-21
-3.76293	-1.55234e-21
-3.75793	-1.54825e-21
-3.75293	-1.54418e-21
-3.74793	-1.54013e-21
-3.74293	-1.53609e-21
-3.73793	-1.53207e-21
-3.73292	-1.52806e-21
-3.72792	-1.52407e-21
-3.72292	-1.5201e-21
-3.71792	-1.51614e-21
-3.71292	-1.51219e-21
-3.70792	-1.50826e-21
-3.70292	-1.50435e-21
-3.69792	-1.50045e-21
-3.69292	-1.49656e-21
-3.68792	-1.49269e-21
-3.68292	-1.48884e-21
-3.67792	-1.485e-21
-3.67292	-1.48117e-21
-3.66792	-1.47736e-21
-3.66292	-1.47357e-21
-3.65792	-1.46978e-21
-3.65292	-1.46602e-21
-3.64792	-1.46226e-21
-3.64292	-1.45853e-21
-3.63792	-1.4548e-21
-3.63292	-1.45109e-21
-3.62792	-1.4474e-21
-3.62292	-1.44372e-21
-3.61792	-1.44005e-21
-3.61292	-1.4364e-21
-3.60792	-1.43276e-21
-3.60292	-1.42913e-21
-3.59792	-1.42552e-21
-3.59292	-1.42193e-21
-3.58792	-1.41834e-21
-3.58292	-1.41477e-21
-3.57792	-1.41122e-21
-3.57292	-1.40768e-21
-3.56792	-1.40415e-21
-3.56292	-1.40063e-21
-3.55792	-1.39713e-21
-3.55292	-1.39364e-21
-3.54792	-1.39017e-21
-3.54292	-1.3867e-21
-3.53792	-1.38326e-21
-3.53292	-1.37982e-21
-3.52792	-1.3764e-21
-3.52292	-1.37299e-21
-3.51792	-1.36959e-21
-3.51292	-1.36621e-21
-3.50792	-1.36284e-21
-3.50292	-1.35948e-21
-3.49792	-1.35614e-21
-3.49292	-1.3528e-21
-3.48792	-1.34948e-21
-3.48292	-1.34618e-21
-3.47792	-1.34288e-21
-3.47292	-1.3396e-21
-3.46792	-1.33633e-21
-3.46292	-1.33308e-21
-3.45792	-1.32983e-21
-3.45292	-1.3266e-21
-3.44792	-1.32338e-21
-3.44292	-1.32017e-21
-3.43792	-1.31698e-21
-3.43292	-1.31379e-21
-3.42792	-1.31062e-21
-3.42292	-1.30746e-21
-3.41792	-1.30432e-21
-3.41292	-1.30118e-21
-3.40792	-1.29806e-21
-3.40292	-1.29495e-21
-3.39792	-1.29185e-21
-3.39292	-1.28876e-21
-3.38792	-1.28568e-21
-3.38292	-1.28262e-21
-3.37792	-1.27956e-21
-3.37292	-1.27652e-21
-3.36792	-1.27349e-21
-3.36292	-1.27047e-21
-3.35792	-1.26747e-21
-3.35292	-1.26447e-21
-3.34792	-1.26149e-21
-3.34292	-1.25851e-21
-3.33792	-1.25555e-21
-3.33292	-1.2526e-21
-3.32792	-1.24966e-21
-3.32292	-1.24673e-21
-3.31792	-1.24381e-21
-3.31292	-1.24091e-21
-3.30792	-1.23801e-21
-3.30292	-1.23513e-21
-3.29791	-1.23225e-21
-3.29291	-1.22939e-21
-3.28791	-1.22654e-21
-3.28291	-1.2237e-21
-3.27791	-1.22087e-21
-3.27291	-1.21805e-21
-3.26791	-1.21524e-21
-3.26291	-1.21244e-21
-3.25791	-1.20965e-21
-3.25291	-1.20687e-21
-3.24791	-1.2041e-21
-3.24291	-1.20135e-21
-3.23791	-1.1986e-21
-3.23291	-1.19586e-21
-3.22791	-1.19314e-21
-3.22291	-1.19042e-21
-3.21791	-1.18772e-21
-3.21291	-1.18502e-21
-3.20791	-1.18233e-21
-3.20291	-1.17966e-21
-3.19791	-1.17699e-21
-3.19291	-1.17434e-21
-3.18791	-1.17169e-21
-3.18291	-1.16906e-21
-3.17791	-1.16643e-21
-3.17291	-1.16382e-21
-3.16791	-1.16121e-21
-3.16291	-1.15861e-21
-3.15791	-1.15603e-21
-3.15291	-1.15345e-21
-3.14791	-1.15088e-21
-3.14291	-1.14832e-21
-3.13791	-1.14578e-21
-3.13291	-1.14324e-21
-3.12791	-1.14071e-21
-3.12291	-1.13819e-21
-3.11791	-1.13568e-21
-3.11291	-1.13318e-21
-3.10791	-1.13069e-21
-3.10291	-1.1282e-21
-3.09791	-1.12573e-21
-3.09291	-1.12327e-21
-3.08791	-1.12081e-21
-3.08291	-1.11837e-21
-3.07791	-1.11593e-21
-3.07291	-1.1135e-21
-3.06791	-1.11108e-21
-3.06291	-1.10868e-21
-3.05791	-1.10628e-21
-3.05291	-1.10388e-21
-3.04791	-1.1015e-21
-3.04291	-1.09913e-21
-3.03791	-1.09676e-21
-3.03291	-1.09441e-21
-3.02791	-1.09206e-21
-3.02291	-1.08972e-21
-3.01791	-1.08739e-21
-3.01291	-1.08507e-21
-3.00791	-1.08276e-21
-3.00291	-1.08046e-21
-2.99791	-1.07816e-21
-2.99291	-1.07587e-21
-2.98791	-1.07359e-21
-2.98291	-1.07133e-21
-2.97791	-1.06906e-21
-2.97291	-1.06681e-21
-2.96791	-1.06457e-21
-2.96291	-1.06233e-21
-2.95791	-1.0601e-21
-2.95291	-1.05788e-21
-2.94791	-1.05567e-21
-2.94291	-1.05347e-21
-2.93791	-1.05127e-21
-2.93291	-1.04909e-21
-2.92791	-1.04691e-21
-2.92291	-1.04474e-21
-2.91791	-1.04257e-21
-2.91291	-1.04042e-21
-2.90791	-1.03827e-21
-2.90291	-1.03613e-21
-2.89791	-1.034e-21
-2.89291	-1.03188e-21
-2.88791	-1.02976e-21
-2.88291	-1.02766e-21
-2.87791	-1.02556e-21
-2.87291	-1.02347e-21
-2.86791	-1.02138e-21
-2.86291	-1.01931e-21
-2.8579	-1.01724e-21
-2.8529	-1.01518e-21
-2.8479	-1.01312e-21
-2.8429	-1.01108e-21
-2.8379	-1.00904e-21
-2.8329	-1.00701e-21
-2.8279	-1.00499e-21
-2.8229	-1.00297e-21
-2.8179	-1.00096e-21
-2.8129	-9.98961e-22
-2.8079	-9.96968e-22
-2.8029	-9.94982e-22
-2.7979	-9.93003e-22
-2.7929	-9.91032e-22
-2.7879	-9.89068e-22
-2.7829	-9.87111e-22
-2.7779	-9.85162e-22
-2.7729	-9.83219e-22
-2.7679	-9.81284e-22
-2.7629	-9.79356e-22
-2.7579	-9.77435e-22
-2.7529	-9.75522e-22
-2.7479	-9.73615e-22
-2.7429	-9.71715e-22
-2.7379	-9.69823e-22
-2.7329	-9.67937e-22
-2.7279	-9.66058e-22
-2.7229	-9.64187e-22
-2.7179	-9.62322e-22
-2.7129	-9.60464e-22
-2.7079	-9.58613e-22
-2.7029	-9.56768e-22
-2.6979	-9.54931e-22
-2.6929	-9.531e-22
-2.6879	-9.51276e-22
-2.6829	-9.49459e-22
-2.6779	-9.47649e-22
-2.6729	-9.45845e-22
-2.6679	-9.44048e-22
-2.6629	-9.42257e-22
-2.6579	-9.40474e-22
-2.6529	-9.38696e-22
-2.6479	-9.36926e-22
-2.6429	-9.35161e-22
-2.6379	-9.33404e-22
-2.6329	-9.31653e-22
-2.6279	-9.29908e-22
-2.6229	-9.2817e-22
-2.6179	-9.26438e-22
-2.6129	-9.24712e-22
-2.6079	-9.22993e-22
-2.6029	-9.21281e-22
-2.5979	-9.19574e-22
-2.5929	-9.17874e-22
-2.5879	-9.1618e-22
-2.5829	-9.14493e-22
-2.5779	-9.12811e-22
-2.5729	-9.11136e-22
-2.5679	-9.09467e-22
-2.5629	-9.07805e-22
-2.5579	-9.06148e-22
-2.5529	-9.04497e-22
-2.5479	-9.02853e-22
-2.5429	-9.01215e-22
-2.5379	-8.99582e-22
-2.5329	-8.97956e-22
-2.5279	-8.96336e-22
-2.5229	-8.94722e-22
-2.5179	-8.93114e-22
-2.5129	-8.91511e-22
-2.5079	-8.89915e-22
-2.5029	-8.88324e-22
-2.4979	-8.8674e-22
-2.4929	-8.85161e-22
-2.4879	-8.83588e-22
-2.4829	-8.82021e-22
-2.4779	-8.8046e-22
-2.4729	-8.78904e-22
-2.4679	-8.77355e-22
-2.4629	-8.75811e-22
-2.4579	-8.74273e-22
-2.4529	-8.7274e-22
-2.4479	-8.71213e-22
-2.4429	-8.69692e-22
-2.4379	-8.68176e-22
-2.4329	-8.66666e-22
-2.4279	-8.65162e-22
-2.42289	-8.63663e-22
-2.41789	-8.6217e-22
-2.41289	-8.60682e-22
-2.40789	-8.592e-22
-2.40289	-8.57724e-22
-2.39789	-8.56252e-22
-2.39289	-8.54787e-22
-2.38789	-8.53326e-22
-2.38289	-8.51872e-22
-2.37789	-8.50422e-22
-2.37289	-8.48978e-22
-2.36789	-8.47539e-22
-2.36289	-8.46106e-22
-2.35789	-8.44678e-22
-2.35289	-8.43255e-22
-2.34789	-8.41838e-22
-2.34289	-8.40426e-22
-2.33789	-8.39019e-22
-2.33289	-8.37618e-22
-2.32789	-8.36221e-22
-2.32289	-8.3483e-22
-2.31789	-8.33444e-22
-2.31289	-8.32063e-22
-2.30789	-8.30688e-22
-2.30289	-8.29317e-22
-2.29789	-8.27952e-22
-2.29289	-8.26591e-22
-2.28789	-8.25236e-22
-2.28289	-8.23886e-22
-2.27789	-8.22541e-22
-2.27289	-8.21201e-22
-2.26789	-8.19866e-22
-2.26289	-8.18536e-22
-2.25789	-8.17211e-22
-2.25289	-8.1589e-22
-2.24789	-8.14575e-22
-2.24289	-8.13265e-22
-2.23789	-8.1196e-22
-2.23289	-8.10659e-22
-2.22789	-8.09364e-22
-2.22289	-8.08073e-22
-2.21789	-8.06787e-22
-2.21289	-8.05506e-22
-2.20789	-8.0423e-22
-2.20289	-8.02958e-22
-2.19789	-8.01692e-22
-2.19289	-8.0043e-22
-2.18789	-7.99173e-22
-2.18289	-7.97921e-22
-2.17789	-7.96673e-22
-2.17289	-7.9543e-22
-2.16789	-7.94192e-22
-2.16289	-7.92958e-22
-2.15789	-7.91729e-22
-2.15289	-7.90505e-22
-2.14789	-7.89285e-22
-2.14289	-7.8807e-22
-2.13789	-7.8686e-22
-2.13289	-7.85654e-22
-2.12789	-7.84453e-22
-2.12289	-7.83256e-22
-2.11789	-7.82064e-22
-2.11289	-7.80876e-22
-2.10789	-7.79693e-22
-2.10289	-7.78514e-22
-2.09789	-7.7734e-22
-2.09289	-7.7617e-22
-2.08789	-7.75005e-22
-2.08289	-7.73844e-22
-2.07789	-7.72688e-22
-2.07289	-7.71536e-22
-2.06789	-7.70388e-22
-2.06289	-7.69245e-22
-2.05789	-7.68106e-22
-2.05289	-7.66971e-22
-2.04789	-7.65841e-22
-2.04289	-7.64715e-22
-2.03789	-7.63594e-22
-2.03289	-7.62476e-22
-2.02789	-7.61363e-22
-2.02289	-7.60255e-22
-2.01789	-7.5915e-22
-2.01289	-7.5805e-22
-2.00789	-7.56954e-22
-2.00289	-7.55862e-22
-1.99789	-7.54775e-22
-1.99289	-7.53691e-22
-1.98789	-7.52612e-22
-1.98289	-7.51537e-22
-1.97789	-7.50466e-22
-1.97289	-7.494e-22
-1.96789	-7.48337e-22
-1.96289	-7.47278e-22
-1.95789	-7.46224e-22
-1.95289	-7.45174e-22
-1.94789	-7.44128e-22
-1.94289	-7.43085e-22
-1.93789	-7.42047e-22
-1.93289	-7.41013e-22
-1.92789	-7.39983e-22
-1.92289	-7.38957e-22
-1.91789	-7.37935e-22
-1.91289	-7.36917e-22
-1.90789	-7.35903e-22
-1.90289	-7.34893e-22
-1.89789	-7.33886e-22
-1.89289	-7.32884e-22
-1.88789	-7.31886e-22
-1.88289	-7.30892e-22
-1.87789	-7.29901e-22
-1.87289	-7.28914e-22
-1.86789	-7.27932e-22
-1.86289	-7.26953e-22
-1.85789	-7.25978e-22
-1.85289	-7.25007e-22
-1.84789	-7.24039e-22
-1.84289	-7.23076e-22
-1.83789	-7.22116e-22
-1.83289	-7.2116e-22
-1.82789	-7.20208e-22
-1.82289	-7.1926e-22
-1.81789	-7.18315e-22
-1.81289	-7.17374e-22
-1.80789	-7.16437e-22
-1.80289	-7.15504e-22
-1.79789	-7.14574e-22
-1.79289	-7.13648e-22
-1.78789	-7.12726e-22
-1.78289	-7.11808e-22
-1.77789	-7.10893e-22
-1.77289	-7.09982e-22
-1.76789	-7.09074e-22
-1.76289	-7.0817e-22
-1.75789	-7.0727e-22
-1.75289	-7.06373e-22
-1.74789	-7.0548e-22
-1.74289	-7.04591e-22
-1.73789	-7.03705e-22
-1.73289	-7.02823e-22
-1.72789	-7.01944e-22
-1.72289	-7.01069e-22
-1.71789	-7.00198e-22
-1.71289	-6.9933e-22
-1.70789	-6.98465e-22
-1.70289	-6.97604e-22
-1.69789	-6.96747e-22
-1.69289	-6.95893e-22
-1.68789	-6.95043e-22
-1.68289	-6.94196e-22
-1.67789	-6.93352e-22
-1.67289	-6.92512e-22
-1.66789	-6.91676e-22
-1.66289	-6.90842e-22
-1.65789	-6.90013e-22
-1.65289	-6.89186e-22
-1.64789	-6.88364e-22
-1.64289	-6.87544e-22
-1.63789	-6.86728e-22
-1.63289	-6.85916e-22
-1.62789	-6.85106e-22
-1.62289	-6.843e-22
-1.61789	-6.83498e-22
-1.61289	-6.82699e-22
-1.60789	-6.81903e-22
-1.60289	-6.8111e-22
-1.59789	-6.80321e-22
-1.59289	-6.79535e-22
-1.58789	-6.78753e-22
-1.58289	-6.77973e-22
-1.57789	-6.77197e-22
-1.57289	-6.76425e-22
-1.56789	-6.75655e-22
-1.56289	-6.74889e-22
-1.55789	-6.74126e-22
-1.55289	-6.73367e-22
-1.54789	-6.7261e-22
-1.54289	-6.71857e-22
-1.53789	-6.71107e-22
-1.53289	-6.7036e-22
-1.52789	-6.69617e-22
-1.52289	-6.68876e-22
-1.51789	-6.68139e-22
-1.51289	-6.67405e-22
-1.50789	-6.66674e-22
-1.50289	-6.65947e-22
-1.49789	-6.65222e-22
-1.49289	-6.64501e-22
-1.48789	-6.63782e-22
-1.48289	-6.63067e-22
-1.47789	-6.62355e-22
-1.47289	-6.61646e-22
-1.46789	-6.60941e-22
-1.46289	-6.60238e-22
-1.45789	-6.59538e-22
-1.45289	-6.58842e-22
-1.44789	-6.58148e-22
-1.44289	-6.57458e-22
-1.43789	-6.56771e-22
-1.43289	-6.56086e-22
-1.42789	-6.55405e-22
-1.42289	-6.54727e-22
-1.41789	-6.54052e-22
-1.41289	-6.5338e-22
-1.40789	-6.52711e-22
-1.40289	-6.52044e-22
-1.39789	-6.51381e-22
-1.39289	-6.50721e-22
-1.38789	-6.50064e-22
-1.38289	-6.4941e-22
-1.37789	-6.48759e-22
-1.37289	-6.4811e-22
-1.36789	-6.47465e-22
-1.36289	-6.46823e-22
-1.35789	-6.46183e-22
-1.35289	-6.45547e-22
-1.34789	-6.44913e-22
-1.34289	-6.44283e-22
-1.33789	-6.43655e-22
-1.33289	-6.4303e-22
-1.32789	-6.42408e-22
-1.32289	-6.41789e-22
-1.31789	-6.41173e-22
-1.31289	-6.4056e-22
-1.30789	-6.39949e-22
-1.30289	-6.39342e-22
-1.29789	-6.38737e-22
-1.29289	-6.38135e-22
-1.28789	-6.37536e-22
-1.28289	-6.3694e-22
-1.27789	-6.36347e-22
-1.27289	-6.35757e-22
-1.26789	-6.35169e-22
-1.26289	-6.34584e-22
-1.25789	-6.34002e-22
-1.25289	-6.33423e-22
-1.24789	-6.32846e-22
-1.24289	-6.32273e-22
-1.23789	-6.31702e-22
-1.23289	-6.31134e-22
-1.22789	-6.30568e-22
-1.22289	-6.30006e-22
-1.21789	-6.29446e-22
-1.21289	-6.28889e-22
-1.20789	-6.28335e-22
-1.20289	-6.27783e-22
-1.19789	-6.27234e-22
-1.19289	-6.26688e-22
-1.18789	-6.26145e-22
-1.18289	-6.25604e-22
-1.17789	-6.25066e-22
-1.17289	-6.24531e-22
-1.16789	-6.23998e-22
-1.16289	-6.23468e-22
-1.15789	-6.22941e-22
-1.15289	-6.22417e-22
-1.14789	-6.21895e-22
-1.14289	-6.21376e-22
-1.13789	-6.20859e-22
-1.13289	-6.20345e-22
-1.12789	-6.19834e-22
-1.12289	-6.19326e-22
-1.11789	-6.1882e-22
-1.11289	-6.18316e-22
-1.10789	-6.17816e-22
-1.10289	-6.17318e-22
-1.09789	-6.16822e-22
-1.09289	-6.1633e-22
-1.08789	-6.1584e-22
-1.08289	-6.15352e-22
-1.07789	-6.14867e-22
-1.07289	-6.14385e-22
-1.06789	-6.13905e-22
-1.06289	-6.13428e-22
-1.05789	-6.12953e-22
-1.05289	-6.12481e-22
-1.04789	-6.12012e-22
-1.04289	-6.11545e-22
-1.03789	-6.1108e-22
-1.03289	-6.10619e-22
-1.02789	-6.10159e-22
-1.02289	-6.09703e-22
-1.01789	-6.09248e-22
-1.01289	-6.08797e-22
-1.00789	-6.08348e-22
-1.00289	-6.07901e-22
-0.997886	-6.07457e-22
-0.992886	-6.07016e-22
-0.987886	-6.06577e-22
-0.982886	-6.0614e-22
-0.977886	-6.05706e-22
-0.972886	-6.05274e-22
-0.967886	-6.04845e-22
-0.962886	-6.04419e-22
-0.957886	-6.03995e-22
-0.952886	-6.03573e-22
-0.947886	-6.03154e-22
-0.942886	-6.02738e-22
-0.937886	-6.02323e-22
-0.932886	-6.01912e-22
-0.927886	-6.01502e-22
-0.922886	-6.01096e-22
-0.917886	-6.00691e-22
-0.912886	-6.00289e-22
-0.907886	-5.9989e-22
-0.902886	-5.99493e-22
-0.897886	-5.99098e-22
-0.892886	-5.98706e-22
-0.887886	-5.98317e-22
-0.882886	-5.97929e-22
-0.877886	-5.97544e-22
-0.872886	-5.97162e-22
-0.867886	-5.96782e-22
-0.862886	-5.96404e-22
-0.857886	-5.96029e-22
-0.852886	-5.95656e-22
-0.847886	-5.95285e-22
-0.842886	-5.94917e-22
-0.837886	-5.94552e-22
-0.832886	-5.94188e-22
-0.827886	-5.93827e-22
-0.822886	-5.93469e-22
-0.817886	-5.93113e-22
-0.812886	-5.92759e-22
-0.807886	-5.92407e-22
-0.802886	-5.92058e-22
-0.797886	-5.91711e-22
-0.792886	-5.91367e-22
-0.787887	-5.91025e-22
-0.782887	-5.90685e-22
-0.777887	-5.90348e-22
-0.772887	-5.90013e-22
-0.767887	-5.8968e-22
-0.762887	-5.89349e-22
-0.757887	-5.89021e-22
-0.752887	-5.88696e-22
-0.747887	-5.88372e-22
-0.742887	-5.88051e-22
-0.737887	-5.87732e-22
-0.732887	-5.87416e-22
-0.727887	-5.87102e-22
-0.722887	-5.8679e-22
-0.717887	-5.8648e-22
-0.712887	-5.86173e-22
-0.707887	-5.85868e-22
-0.702887	-5.85565e-22
-0.697887	-5.85265e-22
-0.692887	-5.84967e-22
-0.687887	-5.84671e-22
-0.682887	-5.84377e-22
-0.677887	-5.84086e-22
-0.672887	-5.83797e-22
-0.667887	-5.8351e-22
-0.662887	-5.83226e-22
-0.657887	-5.82944e-22
-0.652887	-5.82664e-22
-0.647887	-5.82386e-22
-0.642887	-5.8211e-22
-0.637887	-5.81837e-22
-0.632887	-5.81566e-22
-0.627887	-5.81298e-22
-0.622887	-5.81031e-22
-0.617887	-5.80767e-22
-0.612887	-5.80505e-22
-0.607887	-5.80245e-22
-0.602887	-5.79988e-22
-0.597887	-5.79732e-22
-0.592887	-5.79479e-22
-0.587887	-5.79229e-22
-0.582887	-5.7898e-22
-0.577887	-5.78734e-22
-0.572887	-5.78489e-22
-0.567887	-5.78247e-22
-0.562887	-5.78008e-22
-0.557887	-5.7777e-22
-0.552887	-5.77535e-22
-0.547887	-5.77302e-22
-0.542887	-5.77071e-22
-0.537887	-5.76842e-22
-0.532887	-5.76616e-22
-0.527887	-5.76391e-22
-0.522887	-5.76169e-22
-0.517887	-5.75949e-22
-0.512887	-5.75731e-22
-0.507887	-5.75516e-22
-0.502887	-5.75302e-22
-0.497887	-5.75091e-22
-0.492887	-5.74882e-22
-0.487887	-5.74675e-22
-0.482887	-5.74471e-22
-0.477887	-5.74268e-22
-0.472887	-5.74068e-22
-0.467887	-5.7387e-22
-0.462887	-5.73674e-22
-0.457887	-5.7348e-22
-0.452887	-5.73288e-22
-0.447887	-5.73099e-22
-0.442887	-5.72912e-22
-0.437887	-5.72726e-22
-0.432887	-5.72543e-22
-0.427887	-5.72363e-22
-0.422887	-5.72184e-22
-0.417887	-5.72007e-22
-0.412887	-5.71833e-22
-0.407887	-5.71661e-22
-0.402887	-5.7149e-22
-0.397887	-5.71323e-22
-0.392887	-5.71157e-22
-0.387887	-5.70993e-22
-0.382887	-5.70831e-22
-0.377887	-5.70672e-22
-0.372887	-5.70515e-22
-0.367887	-5.7036e-22
-0.362887	-5.70207e-22
-0.357887	-5.70056e-22
-0.352887	-5.69907e-22
-0.347887	-5.6976e-22
-0.342887	-5.69616e-22
-0.337887	-5.69473e-22
-0.332887	-5.69333e-22
-0.327887	-5.69195e-22
-0.322887	-5.69059e-22
-0.317887	-5.68925e-22
-0.312887	-5.68793e-22
-0.307887	-5.68664e-22
-0.302887	-5.68536e-22
-0.297887	-5.68411e-22
-0.292887	-5.68287e-22
-0.287887	-5.68166e-22
-0.282887	-5.68047e-22
-0.277887	-5.6793e-22
-0.272887	-5.67815e-22
-0.267887	-5.67703e-22
-0.262887	-5.67592e-22
-0.257887	-5.67483e-22
-0.252887	-5.67377e-22
-0.247887	-5.67272e-22
-0.242887	-5.6717e-22
-0.237887	-5.6707e-22
-0.232887	-5.66972e-22
-0.227887	-5.66876e-22
-0.222887	-5.66782e-22
-0.217887	-5.6669e-22
-0.212887	-5.66601e-22
-0.207887	-5.66513e-22
-0.202887	-5.66428e-22
-0.197887	-5.66344e-22
-0.192887	-5.66263e-22
-0.187887	-5.66184e-22
-0.182887	-5.66107e-22
-0.177887	-5.66032e-22
-0.172887	-5.65959e-22
-0.167887	-5.65888e-22
-0.162887	-5.65819e-22
-0.157887	-5.65752e-22
-0.152887	-5.65688e-22
-0.147887	-5.65625e-22
-0.142887	-5.65565e-22
-0.137887	-5.65506e-22
-0.132887	-5.6545e-22
-0.127887	-5.65396e-22
-0.122887	-5.65344e-22
-0.117887	-5.65294e-22
-0.112887	-5.65246e-22
-0.107887	-5.652e-22
-0.102887	-5.65156e-22
-0.0978871	-5.65115e-22
-0.0928871	-5.65075e-22
-0.0878871	-5.65038e-22
-0.0828871	-5.65002e-22
-0.0778871	-5.64969e-22
-0.0728871	-5.64937e-22
-0.0678871	-5.64908e-22
-0.0628871	-5.64881e-22
-0.0578871	-5.64856e-22
-0.0528871	-5.64833e-22
-0.0478871	-5.64812e-22
-0.0428871	-5.64793e-22
-0.0378871	-5.64776e-22
-0.0328871	-5.64762e-22
-0.0278871	-5.64749e-22
-0.0228871	-5.64739e-22
-0.0178871	-5.6473e-22
-0.0128871	-5.64724e-22
-0.0078871	-5.64719e-22
-0.0028871	-5.64717e-22
0.0021129	-5.64717e-22
0.0071129	-5.64719e-22
0.0121129	-5.64723e-22
0.0171129	-5.64729e-22
0.0221129	-5.64737e-22
0.0271129	-5.64747e-22
0.0321129	-5.6476e-22
0.0371129	-5.64774e-22
0.0421129	-5.6479e-22
0.0471129	-5.64809e-22
0.0521129	-5.6483e-22
0.0571129	-5.64852e-22
0.0621129	-5.64877e-22
0.0671129	-5.64904e-22
0.0721129	-5.64933e-22
0.0771129	-5.64964e-22
0.0821129	-5.64997e-22
0.0871129	-5.65032e-22
0.0921129	-5.65069e-22
0.0971129	-5.65108e-22
0.102113	-5.6515e-22
0.107113	-5.65193e-22
0.112113	-5.65239e-22
0.117113	-5.65286e-22
0.122113	-5.65336e-22
0.127113	-5.65388e-22
0.132113	-5.65442e-22
0.137113	-5.65498e-22
0.142113	-5.65556e-22
0.147113	-5.65616e-22
0.152113	-5.65678e-22
0.157113	-5.65742e-22
0.162113	-5.65809e-22
0.167113	-5.65877e-22
0.172113	-5.65948e-22
0.177113	-5.6602e-22
0.182113	-5.66095e-22
0.187113	-5.66172e-22
0.192113	-5.66251e-22
0.197113	-5.66332e-22
0.202113	-5.66415e-22
0.207113	-5.665e-22
0.212113	-5.66587e-22
0.217113	-5.66676e-22
0.222113	-5.66768e-22
0.227113	-5.66861e-22
0.232113	-5.66957e-22
0.237113	-5.67055e-22
0.242113	-5.67155e-22
0.247113	-5.67256e-22
0.252113	-5.67361e-22
0.257113	-5.67467e-22
0.262113	-5.67575e-22
0.267113	-5.67685e-22
0.272113	-5.67798e-22
0.277113	-5.67912e-22
0.282113	-5.68029e-22
0.287113	-5.68148e-22
0.292113	-5.68269e-22
0.297113	-5.68392e-22
0.302113	-5.68517e-22
0.307113	-5.68644e-22
0.312113	-5.68773e-22
0.317113	-5.68905e-22
0.322113	-5.69038e-22
0.327113	-5.69174e-22
0.332113	-5.69312e-22
0.337113	-5.69452e-22
0.342113	-5.69594e-22
0.347113	-5.69738e-22
0.352113	-5.69884e-22
0.357113	-5.70033e-22
0.362113	-5.70183e-22
0.367113	-5.70336e-22
0.372113	-5.70491e-22
0.377113	-5.70648e-22
0.382113	-5.70807e-22
0.387113	-5.70968e-22
0.392113	-5.71131e-22
0.397113	-5.71297e-22
0.402113	-5.71464e-22
0.407113	-5.71634e-22
0.412113	-5.71806e-22
0.417113	-5.7198e-22
0.422113	-5.72156e-22
0.427113	-5.72335e-22
0.432113	-5.72515e-22
0.437113	-5.72698e-22
0.442113	-5.72883e-22
0.447113	-5.7307e-22
0.452113	-5.73259e-22
0.457113	-5.7345e-22
0.462113	-5.73644e-22
0.467113	-5.73839e-22
0.472113	-5.74037e-22
0.477113	-5.74237e-22
0.482113	-5.74439e-22
0.487113	-5.74644e-22
0.492113	-5.7485e-22
0.497113	-5.75059e-22
0.502113	-5.7527e-22
0.507113	-5.75483e-22
0.512113	-5.75698e-22
0.517113	-5.75915e-22
0.522113	-5.76135e-22
0.527113	-5.76357e-22
0.532113	-5.76581e-22
0.537113	-5.76807e-22
0.542113	-5.77035e-22
0.547113	-5.77266e-22
0.552113	-5.77499e-22
0.557113	-5.77734e-22
0.562113	-5.77971e-22
0.567113	-5.7821e-22
0.572113	-5.78452e-22
0.577112	-5.78696e-22
0.582112	-5.78942e-22
0.587112	-5.7919e-22
0.592112	-5.7944e-22
0.597112	-5.79693e-22
0.602112	-5.79948e-22
0.607112	-5.80205e-22
0.612112	-5.80465e-22
0.617112	-5.80726e-22
0.622112	-5.8099e-22
0.627112	-5.81256e-22
0.632112	-5.81525e-22
0.637112	-5.81795e-22
0.642112	-5.82068e-22
0.647112	-5.82343e-22
0.652112	-5.8262e-22
0.657112	-5.829e-22
0.662112	-5.83182e-22
0.667112	-5.83466e-22
0.672112	-5.83752e-22
0.677112	-5.84041e-22
0.682112	-5.84332e-22
0.687112	-5.84625e-22
0.692112	-5.84921e-22
0.697112	-5.85218e-22
0.702112	-5.85519e-22
0.707112	-5.85821e-22
0.712112	-5.86126e-22
0.717112	-5.86432e-22
0.722112	-5.86742e-22
0.727112	-5.87053e-22
0.732112	-5.87367e-22
0.737112	-5.87683e-22
0.742112	-5.88002e-22
0.747112	-5.88322e-22
0.752112	-5.88645e-22
0.757112	-5.88971e-22
0.762112	-5.89298e-22
0.767112	-5.89629e-22
0.772112	-5.89961e-22
0.777112	-5.90296e-22
0.782112	-5.90633e-22
0.787112	-5.90972e-22
0.792112	-5.91314e-22
0.797112	-5.91658e-22
0.802112	-5.92004e-22
0.807112	-5.92353e-22
0.812112	-5.92704e-22
0.817112	-5.93058e-22
0.822112	-5.93413e-22
0.827112	-5.93772e-22
0.832112	-5.94132e-22
0.837112	-5.94495e-22
0.842112	-5.94861e-22
0.847112	-5.95228e-22
0.852112	-5.95598e-22
0.857112	-5.95971e-22
0.862112	-5.96346e-22
0.867112	-5.96723e-22
0.872112	-5.97103e-22
0.877112	-5.97485e-22
0.882112	-5.97869e-22
0.887112	-5.98256e-22
0.892112	-5.98646e-22
0.897112	-5.99038e-22
0.902112	-5.99432e-22
0.907112	-5.99828e-22
0.912112	-6.00227e-22
0.917112	-6.00629e-22
0.922112	-6.01033e-22
0.927112	-6.01439e-22
0.932112	-6.01848e-22
0.937112	-6.0226e-22
0.942112	-6.02673e-22
0.947112	-6.0309e-22
0.952112	-6.03508e-22
0.957112	-6.03929e-22
0.962112	-6.04353e-22
0.967112	-6.04779e-22
0.972112	-6.05208e-22
0.977112	-6.05639e-22
0.982112	-6.06073e-22
0.987112	-6.06509e-22
0.992112	-6.06947e-22
0.997112	-6.07389e-22
1.00211	-6.07832e-22
1.00711	-6.08278e-22
1.01211	-6.08727e-22
1.01711	-6.09178e-22
1.02211	-6.09632e-22
1.02711	-6.10088e-22
1.03211	-6.10547e-22
1.03711	-6.11009e-22
1.04211	-6.11473e-22
1.04711	-6.11939e-22
1.05211	-6.12408e-22
1.05711	-6.1288e-22
1.06211	-6.13354e-22
1.06711	-6.13831e-22
1.07211	-6.1431e-22
1.07711	-6.14792e-22
1.08211	-6.15277e-22
1.08711	-6.15764e-22
1.09211	-6.16254e-22
1.09711	-6.16746e-22
1.10211	-6.17241e-22
1.10711	-6.17739e-22
1.11211	-6.18239e-22
1.11711	-6.18742e-22
1.12211	-6.19247e-22
1.12711	-6.19755e-22
1.13211	-6.20266e-22
1.13711	-6.20779e-22
1.14211	-6.21296e-22
1.14711	-6.21814e-22
1.15211	-6.22336e-22
1.15711	-6.2286e-22
1.16211	-6.23387e-22
1.16711	-6.23916e-22
1.17211	-6.24448e-22
1.17711	-6.24983e-22
1.18211	-6.25521e-22
1.18711	-6.26061e-22
1.19211	-6.26604e-22
1.19711	-6.2715e-22
1.20211	-6.27698e-22
1.20711	-6.28249e-22
1.21211	-6.28803e-22
1.21711	-6.2936e-22
1.22211	-6.29919e-22
1.22711	-6.30481e-22
1.23211	-6.31046e-22
1.23711	-6.31614e-22
1.24211	-6.32184e-22
1.24711	-6.32757e-22
1.25211	-6.33333e-22
1.25711	-6.33912e-22
1.26211	-6.34494e-22
1.26711	-6.35078e-22
1.27211	-6.35665e-22
1.27711	-6.36255e-22
1.28211	-6.36848e-22
1.28711	-6.37444e-22
1.29211	-6.38042e-22
1.29711	-6.38644e-22
1.30211	-6.39248e-22
1.30711	-6.39855e-22
1.31211	-6.40465e-22
1.31711	-6.41078e-22
1.32211	-6.41694e-22
1.32711	-6.42312e-22
1.33211	-6.42934e-22
1.33711	-6.43558e-22
1.34211	-6.44185e-22
1.34711	-6.44815e-22
1.35211	-6.45449e-22
1.35711	-6.46085e-22
1.36211	-6.46724e-22
1.36711	-6.47365e-22
1.37211	-6.4801e-22
1.37711	-6.48658e-22
1.38211	-6.49309e-22
1.38711	-6.49962e-22
1.39211	-6.50619e-22
1.39711	-6.51279e-22
1.40211	-6.51942e-22
1.40711	-6.52607e-22
1.41211	-6.53276e-22
1.41711	-6.53948e-22
1.42211	-6.54622e-22
1.42711	-6.553e-22
1.43211	-6.55981e-22
1.43711	-6.56665e-22
1.44211	-6.57351e-22
1.44711	-6.58041e-22
1.45211	-6.58734e-22
1.45711	-6.5943e-22
1.46211	-6.60129e-22
1.46711	-6.60832e-22
1.47211	-6.61537e-22
1.47711	-6.62245e-22
1.48211	-6.62957e-22
1.48711	-6.63671e-22
1.49211	-6.64389e-22
1.49711	-6.6511e-22
1.50211	-6.65834e-22
1.50711	-6.66561e-22
1.51211	-6.67292e-22
1.51711	-6.68025e-22
1.52211	-6.68762e-22
1.52711	-6.69502e-22
1.53211	-6.70245e-22
1.53711	-6.70991e-22
1.54211	-6.71741e-22
1.54711	-6.72493e-22
1.55211	-6.73249e-22
1.55711	-6.74008e-22
1.56211	-6.74771e-22
1.56711	-6.75537e-22
1.57211	-6.76305e-22
1.57711	-6.77078e-22
1.58211	-6.77853e-22
1.58711	-6.78632e-22
1.59211	-6.79414e-22
1.59711	-6.80199e-22
1.60211	-6.80988e-22
1.60711	-6.8178e-22
1.61211	-6.82575e-22
1.61711	-6.83374e-22
1.62211	-6.84176e-22
1.62711	-6.84981e-22
1.63211	-6.8579e-22
1.63711	-6.86602e-22
1.64211	-6.87418e-22
1.64711	-6.88237e-22
1.65211	-6.89059e-22
1.65711	-6.89885e-22
1.66211	-6.90714e-22
1.66711	-6.91546e-22
1.67211	-6.92382e-22
1.67711	-6.93222e-22
1.68211	-6.94065e-22
1.68711	-6.94911e-22
1.69211	-6.95761e-22
1.69711	-6.96614e-22
1.70211	-6.97471e-22
1.70711	-6.98332e-22
1.71211	-6.99196e-22
1.71711	-7.00063e-22
1.72211	-7.00934e-22
1.72711	-7.01809e-22
1.73211	-7.02687e-22
1.73711	-7.03568e-22
1.74211	-7.04454e-22
1.74711	-7.05342e-22
1.75211	-7.06235e-22
1.75711	-7.07131e-22
1.76211	-7.08031e-22
1.76711	-7.08934e-22
1.77211	-7.09841e-22
1.77711	-7.10752e-22
1.78211	-7.11666e-22
1.78711	-7.12584e-22
1.79211	-7.13505e-22
1.79711	-7.14431e-22
1.80211	-7.1536e-22
1.80711	-7.16292e-22
1.81211	-7.17229e-22
1.81711	-7.18169e-22
1.82211	-7.19113e-22
1.82711	-7.20061e-22
1.83211	-7.21013e-22
1.83711	-7.21968e-22
1.84211	-7.22927e-22
1.84711	-7.2389e-22
1.85211	-7.24857e-22
1.85711	-7.25827e-22
1.86211	-7.26802e-22
1.86711	-7.2778e-22
1.87211	-7.28762e-22
1.87711	-7.29748e-22
1.88211	-7.30738e-22
1.88711	-7.31732e-22
1.89211	-7.32729e-22
1.89711	-7.33731e-22
1.90211	-7.34737e-22
1.90711	-7.35746e-22
1.91211	-7.3676e-22
1.91711	-7.37777e-22
1.92211	-7.38799e-22
1.92711	-7.39824e-22
1.93211	-7.40853e-22
1.93711	-7.41887e-22
1.94211	-7.42924e-22
1.94711	-7.43966e-22
1.95211	-7.45012e-22
1.95711	-7.46061e-22
1.96211	-7.47115e-22
1.96711	-7.48173e-22
1.97211	-7.49235e-22
1.97711	-7.50301e-22
1.98211	-7.51371e-22
1.98711	-7.52445e-22
1.99211	-7.53524e-22
1.99711	-7.54607e-22
2.00211	-7.55694e-22
2.00711	-7.56785e-22
2.01211	-7.5788e-22
2.01711	-7.5898e-22
2.02211	-7.60083e-22
2.02711	-7.61192e-22
2.03211	-7.62304e-22
2.03711	-7.6342e-22
2.04211	-7.64541e-22
2.04711	-7.65667e-22
2.05211	-7.66796e-22
2.05711	-7.6793e-22
2.06211	-7.69068e-22
2.06711	-7.70211e-22
2.07211	-7.71358e-22
2.07711	-7.72509e-22
2.08211	-7.73665e-22
2.08711	-7.74825e-22
2.09211	-7.75989e-22
2.09711	-7.77159e-22
2.10211	-7.78332e-22
2.10711	-7.7951e-22
2.11211	-7.80693e-22
2.11711	-7.81879e-22
2.12211	-7.83071e-22
2.12711	-7.84267e-22
2.13211	-7.85468e-22
2.13711	-7.86673e-22
2.14211	-7.87883e-22
2.14711	-7.89097e-22
2.15211	-7.90316e-22
2.15711	-7.91539e-22
2.16211	-7.92768e-22
2.16711	-7.94e-22
2.17212	-7.95238e-22
2.17712	-7.9648e-22
2.18212	-7.97727e-22
2.18712	-7.98979e-22
2.19212	-8.00235e-22
2.19712	-8.01496e-22
2.20212	-8.02762e-22
2.20712	-8.04033e-22
2.21212	-8.05308e-22
2.21712	-8.06588e-22
2.22212	-8.07874e-22
2.22712	-8.09164e-22
2.23212	-8.10458e-22
2.23712	-8.11758e-22
2.24212	-8.13063e-22
2.24712	-8.14372e-22
2.25212	-8.15687e-22
2.25712	-8.17006e-22
2.26212	-8.1833e-22
2.26712	-8.1966e-22
2.27212	-8.20994e-22
2.27712	-8.22333e-22
2.28212	-8.23677e-22
2.28712	-8.25027e-22
2.29212	-8.26381e-22
2.29712	-8.27741e-22
2.30212	-8.29105e-22
2.30712	-8.30475e-22
2.31212	-8.3185e-22
2.31712	-8.3323e-22
2.32212	-8.34615e-22
2.32712	-8.36006e-22
2.33212	-8.37401e-22
2.33712	-8.38802e-22
2.34212	-8.40208e-22
2.34712	-8.41619e-22
2.35212	-8.43036e-22
2.35712	-8.44458e-22
2.36212	-8.45885e-22
2.36712	-8.47317e-22
2.37212	-8.48755e-22
2.37712	-8.50198e-22
2.38212	-8.51647e-22
2.38712	-8.53101e-22
2.39212	-8.5456e-22
2.39712	-8.56025e-22
2.40212	-8.57495e-22
2.40712	-8.58971e-22
2.41212	-8.60453e-22
2.41712	-8.61939e-22
2.42212	-8.63432e-22
2.42712	-8.6493e-22
2.43212	-8.66433e-22
2.43712	-8.67942e-22
2.44212	-8.69457e-22
2.44712	-8.70977e-22
2.45212	-8.72503e-22
2.45712	-8.74035e-22
2.46212	-8.75572e-22
2.46712	-8.77115e-22
2.47212	-8.78664e-22
2.47712	-8.80219e-22
2.48212	-8.81779e-22
2.48712	-8.83345e-22
2.49212	-8.84917e-22
2.49712	-8.86495e-22
2.50212	-8.88079e-22
2.50712	-8.89668e-22
2.51212	-8.91264e-22
2.51712	-8.92865e-22
2.52212	-8.94472e-22
2.52712	-8.96086e-22
2.53212	-8.97705e-22
2.53712	-8.9933e-22
2.54212	-9.00962e-22
2.54712	-9.02599e-22
2.55212	-9.04242e-22
2.55712	-9.05892e-22
2.56212	-9.07548e-22
2.56712	-9.09209e-22
2.57212	-9.10877e-22
2.57712	-9.12552e-22
2.58212	-9.14232e-22
2.58712	-9.15919e-22
2.59212	-9.17611e-22
2.59712	-9.19311e-22
2.60212	-9.21016e-22
2.60713	-9.22728e-22
2.61213	-9.24446e-22
2.61713	-9.2617e-22
2.62213	-9.27901e-22
2.62713	-9.29638e-22
2.63213	-9.31382e-22
2.63713	-9.33132e-22
2.64213	-9.34889e-22
2.64713	-9.36652e-22
2.65213	-9.38422e-22
2.65713	-9.40198e-22
2.66213	-9.41981e-22
2.66713	-9.4377e-22
2.67213	-9.45566e-22
2.67713	-9.47369e-22
2.68213	-9.49179e-22
2.68713	-9.50995e-22
2.69213	-9.52818e-22
2.69713	-9.54647e-22
2.70213	-9.56484e-22
2.70713	-9.58327e-22
2.71213	-9.60177e-22
2.71713	-9.62034e-22
2.72213	-9.63897e-22
2.72713	-9.65768e-22
2.73213	-9.67646e-22
2.73713	-9.6953e-22
2.74213	-9.71422e-22
2.74713	-9.7332e-22
2.75213	-9.75226e-22
2.75713	-9.77139e-22
2.76213	-9.79058e-22
2.76713	-9.80985e-22
2.77213	-9.82919e-22
2.77713	-9.84861e-22
2.78213	-9.86809e-22
2.78713	-9.88765e-22
2.79213	-9.90727e-22
2.79713	-9.92698e-22
2.80213	-9.94675e-22
2.80713	-9.9666e-22
2.81213	-9.98652e-22
2.81713	-1.00065e-21
2.82213	-1.00266e-21
2.82713	-1.00467e-21
2.83213	-1.00669e-21
2.83713	-1.00872e-21
2.84213	-1.01076e-21
2.84713	-1.01281e-21
2.85213	-1.01486e-21
2.85713	-1.01692e-21
2.86213	-1.01898e-21
2.86713	-1.02106e-21
2.87213	-1.02314e-21
2.87713	-1.02523e-21
2.88213	-1.02733e-21
2.88713	-1.02944e-21
2.89213	-1.03155e-21
2.89713	-1.03367e-21
2.90213	-1.0358e-21
2.90713	-1.03794e-21
2.91213	-1.04009e-21
2.91713	-1.04224e-21
2.92213	-1.0444e-21
2.92713	-1.04657e-21
2.93213	-1.04875e-21
2.93713	-1.05093e-21
2.94213	-1.05313e-21
2.94713	-1.05533e-21
2.95213	-1.05754e-21
2.95713	-1.05976e-21
2.96213	-1.06198e-21
2.96713	-1.06422e-21
2.97213	-1.06646e-21
2.97713	-1.06871e-21
2.98213	-1.07097e-21
2.98713	-1.07324e-21
2.99213	-1.07552e-21
2.99713	-1.07781e-21
3.00213	-1.0801e-21
3.00713	-1.0824e-21
3.01213	-1.08471e-21
3.01713	-1.08703e-21
3.02213	-1.08936e-21
3.02713	-1.0917e-21
3.03213	-1.09404e-21
3.03713	-1.0964e-21
3.04214	-1.09876e-21
3.04714	-1.10113e-21
3.05214	-1.10351e-21
3.05714	-1.1059e-21
3.06214	-1.1083e-21
3.06714	-1.11071e-21
3.07214	-1.11313e-21
3.07714	-1.11555e-21
3.08214	-1.11799e-21
3.08714	-1.12043e-21
3.09214	-1.12289e-21
3.09714	-1.12535e-21
3.10214	-1.12782e-21
3.10714	-1.1303e-21
3.11214	-1.13279e-21
3.11714	-1.13529e-21
3.12214	-1.1378e-21
3.12714	-1.14032e-21
3.13214	-1.14285e-21
3.13714	-1.14538e-21
3.14214	-1.14793e-21
3.14714	-1.15049e-21
3.15214	-1.15305e-21
3.15714	-1.15563e-21
3.16214	-1.15821e-21
3.16714	-1.16081e-21
3.17214	-1.16341e-21
3.17714	-1.16603e-21
3.18214	-1.16865e-21
3.18714	-1.17128e-21
3.19214	-1.17393e-21
3.19714	-1.17658e-21
3.20214	-1.17925e-21
3.20714	-1.18192e-21
3.21214	-1.1846e-21
3.21714	-1.1873e-21
3.22214	-1.19e-21
3.22714	-1.19272e-21
3.23214	-1.19544e-21
3.23714	-1.19818e-21
3.24214	-1.20092e-21
3.24714	-1.20368e-21
3.25214	-1.20644e-21
3.25714	-1.20922e-21
3.26214	-1.212e-21
3.26714	-1.2148e-21
3.27214	-1.21761e-21
3.27714	-1.22043e-21
3.28214	-1.22326e-21
3.28714	-1.2261e-21
3.29214	-1.22895e-21
3.29714	-1.23181e-21
3.30214	-1.23468e-21
3.30714	-1.23756e-21
3.31214	-1.24046e-21
3.31714	-1.24336e-21
3.32214	-1.24628e-21
3.32714	-1.24921e-21
3.33214	-1.25214e-21
3.33714	-1.25509e-21
3.34214	-1.25805e-21
3.34714	-1.26102e-21
3.35214	-1.26401e-21
3.35714	-1.267e-21
3.36214	-1.27001e-21
3.36714	-1.27302e-21
3.37214	-1.27605e-21
3.37714	-1.27909e-21
3.38214	-1.28214e-21
3.38714	-1.28521e-21
3.39214	-1.28828e-21
3.39714	-1.29137e-21
3.40214	-1.29446e-21
3.40714	-1.29757e-21
3.41214	-1.3007e-21
3.41714	-1.30383e-21
3.42214	-1.30697e-21
3.42714	-1.31013e-21
3.43214	-1.3133e-21
3.43714	-1.31648e-21
3.44214	-1.31968e-21
3.44714	-1.32288e-21
3.45214	-1.3261e-21
3.45714	-1.32933e-21
3.46214	-1.33257e-21
3.46714	-1.33583e-21
3.47214	-1.33909e-21
3.47714	-1.34237e-21
3.48215	-1.34567e-21
3.48715	-1.34897e-21
3.49215	-1.35229e-21
3.49715	-1.35562e-21
3.50215	-1.35896e-21
3.50715	-1.36232e-21
3.51215	-1.36569e-21
3.51715	-1.36907e-21
3.52215	-1.37246e-21
3.52715	-1.37587e-21
3.53215	-1.37929e-21
3.53715	-1.38272e-21
3.54215	-1.38617e-21
3.54715	-1.38963e-21
3.55215	-1.3931e-21
3.55715	-1.39659e-21
3.56215	-1.40009e-21
3.56715	-1.4036e-21
3.57215	-1.40713e-21
3.57715	-1.41067e-21
3.58215	-1.41422e-21
3.58715	-1.41779e-21
3.59215	-1.42137e-21
3.59715	-1.42497e-21
3.60215	-1.42857e-21
3.60715	-1.4322e-21
3.61215	-1.43583e-21
3.61715	-1.43948e-21
3.62215	-1.44315e-21
3.62715	-1.44683e-21
3.63215	-1.45052e-21
3.63715	-1.45423e-21
3.64215	-1.45795e-21
3.64715	-1.46169e-21
3.65215	-1.46544e-21
3.65715	-1.4692e-21
3.66215	-1.47298e-21
3.66715	-1.47677e-21
3.67215	-1.48058e-21
3.67715	-1.4844e-21
3.68215	-1.48824e-21
3.68715	-1.49209e-21
3.69215	-1.49596e-21
3.69715	-1.49984e-21
3.70215	-1.50374e-21
3.70715	-1.50765e-21
3.71215	-1.51158e-21
3.71715	-1.51552e-21
3.72215	-1.51948e-21
3.72715	-1.52346e-21
3.73215	-1.52744e-21
3.73715	-1.53145e-21
3.74215	-1.53547e-21
3.74715	-1.5395e-21
3.75215	-1.54355e-21
3.75715	-1.54762e-21
3.76215	-1.5517e-21
3.76715	-1.5558e-21
3.77215	-1.55992e-21
3.77715	-1.56405e-21
3.78215	-1.56819e-21
3.78715	-1.57235e-21
3.79215	-1.57653e-21
3.79715	-1.58073e-21
3.80215	-1.58494e-21
3.80715	-1.58916e-21
3.81215	-1.59341e-21
3.81715	-1.59767e-21
3.82215	-1.60194e-21
3.82715	-1.60624e-21
3.83215	-1.61055e-21
3.83715	-1.61487e-21
3.84215	-1.61922e-21
3.84715	-1.62358e-21
3.85215	-1.62796e-21
3.85715	-1.63235e-21
3.86215	-1.63676e-21
3.86715	-1.64119e-21
3.87215	-1.64564e-21
3.87715	-1.6501e-21
3.88215	-1.65458e-21
3.88715	-1.65908e-21
3.89215	-1.66359e-21
3.89715	-1.66813e-21
3.90215	-1.67268e-21
3.90715	-1.67725e-21
3.91215	-1.68183e-21
3.91716	-1.68644e-21
3.92216	-1.69106e-21
3.92716	-1.6957e-21
3.93216	-1.70036e-21
3.93716	-1.70503e-21
3.94216	-1.70973e-21
3.94716	-1.71444e-21
3.95216	-1.71917e-21
3.95716	-1.72392e-21
3.96216	-1.72869e-21
3.96716	-1.73348e-21
3.97216	-1.73829e-21
3.97716	-1.74311e-21
3.98216	-1.74796e-21
3.98716	-1.75282e-21
3.99216	-1.7577e-21
3.99716	-1.7626e-21
4.00216	-1.76752e-21
4.00716	-1.77246e-21
4.01216	-1.77742e-21
4.01716	-1.78239e-21
4.02216	-1.78739e-21
4.02716	-1.79241e-21
4.03216	-1.79745e-21
4.03716	-1.8025e-21
4.04216	-1.80758e-21
4.04716	-1.81267e-21
4.05216	-1.81779e-21
4.05716	-1.82292e-21
4.06216	-1.82808e-21
4.06716	-1.83326e-21
4.07216	-1.83845e-21
4.07716	-1.84367e-21
4.08216	-1.84891e-21
4.08716	-1.85416e-21
4.09216	-1.85944e-21
4.09716	-1.86474e-21
4.10216	-1.87006e-21
4.10716	-1.8754e-21
4.11216	-1.88076e-21
4.11716	-1.88614e-21
4.12216	-1.89155e-21
4.12716	-1.89697e-21
4.13216	-1.90242e-21
4.13716	-1.90788e-21
4.14216	-1.91337e-21
4.14716	-1.91888e-21
4.15216	-1.92441e-21
4.15716	-1.92997e-21
4.16216	-1.93554e-21
4.16716	-1.94114e-21
4.17216	-1.94676e-21
4.17716	-1.9524e-21
4.18216	-1.95806e-21
4.18716	-1.96374e-21
4.19216	-1.96945e-21
4.19716	-1.97518e-21
4.20216	-1.98093e-21
4.20716	-1.98671e-21
4.21216	-1.9925e-21
4.21716	-1.99832e-21
4.22216	-2.00417e-21
4.22716	-2.01003e-21
4.23216	-2.01592e-21
4.23716	-2.02183e-21
4.24216	-2.02776e-21
4.24716	-2.03372e-21
4.25216	-2.0397e-21
4.25716	-2.04571e-21
4.26216	-2.05173e-21
4.26716	-2.05778e-21
4.27216	-2.06386e-21
4.27716	-2.06996e-21
4.28216	-2.07608e-21
4.28716	-2.08222e-21
4.29216	-2.08839e-21
4.29716	-2.09459e-21
4.30216	-2.10081e-21
4.30716	-2.10705e-21
4.31216	-2.11331e-21
4.31716	-2.11961e-21
4.32216	-2.12592e-21
4.32716	-2.13226e-21
4.33216	-2.13863e-21
4.33716	-2.14501e-21
4.34216	-2.15143e-21
4.34716	-2.15787e-21
4.35216	-2.16433e-21
4.35716	-2.17082e-21
4.36216	-2.17734e-21
4.36717	-2.18388e-21
4.37217	-2.19044e-21
4.37717	-2.19703e-21
4.38217	-2.20365e-21
4.38717	-2.21029e-21
4.39217	-2.21696e-21
4.39717	-2.22365e-21
4.40217	-2.23037e-21
4.40717	-2.23711e-21
4.41217	-2.24388e-21
4.41717	-2.25068e-21
4.42217	-2.25751e-21
4.42717	-2.26435e-21
4.43217	-2.27123e-21
4.43717	-2.27813e-21
4.44217	-2.28506e-21
4.44717	-2.29202e-21
4.45217	-2.299e-21
4.45717	-2.30601e-21
4.46217	-2.31305e-21
4.46717	-2.32011e-21
4.47217	-2.3272e-21
4.47717	-2.33432e-21
4.48217	-2.34146e-21
4.48717	-2.34864e-21
4.49217	-2.35584e-21
4.49717	-2.36306e-21
4.50217	-2.37032e-21
4.50717	-2.3776e-21
4.51217	-2.38491e-21
4.51717	-2.39225e-21
4.52217	-2.39961e-21
4.52717	-2.40701e-21
4.53217	-2.41443e-21
4.53717	-2.42188e-21
4.54217	-2.42936e-21
4.54717	-2.43687e-21
4.55217	-2.4444e-21
4.55717	-2.45197e-21
4.56217	-2.45956e-21
4.56717	-2.46718e-21
4.57217	-2.47483e-21
4.57717	-2.48251e-21
4.58217	-2.49021e-21
4.58717	-2.49795e-21
4.59217	-2.50572e-21
4.59717	-2.51351e-21
4.60217	-2.52133e-21
4.60717	-2.52919e-21
4.61217	-2.53707e-21
4.61717	-2.54498e-21
4.62217	-2.55292e-21
4.62717	-2.56089e-21
4.63217	-2.56889e-21
4.63717	-2.57692e-21
4.64217	-2.58498e-21
4.64717	-2.59307e-21
4.65217	-2.60119e-21
4.65717	-2.60934e-21
4.66217	-2.61752e-21
4.66717	-2.62573e-21
4.67217	-2.63397e-21
4.67717	-2.64224e-21
4.68217	-2.65054e-21
4.68717	-2.65887e-21
4.69217	-2.66723e-21
4.69717	-2.67562e-21
4.70217	-2.68404e-21
4.70717	-2.69249e-21
4.71217	-2.70098e-21
4.71717	-2.70949e-21
4.72217	-2.71804e-21
4.72717	-2.72661e-21
4.73217	-2.73522e-21
4.73717	-2.74385e-21
4.74217	-2.75252e-21
4.74717	-2.76122e-21
4.75217	-2.76995e-21
4.75717	-2.77871e-21
4.76217	-2.7875e-21
4.76717	-2.79632e-21
4.77217	-2.80518e-21
4.77717	-2.81406e-21
4.78217	-2.82298e-21
4.78717	-2.83193e-21
4.79217	-2.8409e-21
4.79717	-2.84991e-21
4.80218	-2.85896e-21
4.80718	-2.86803e-21
4.81218	-2.87713e-21
4.81718	-2.88627e-21
4.82218	-2.89544e-21
4.82718	-2.90463e-21
4.83218	-2.91386e-21
4.83718	-2.92313e-21
4.84218	-2.93242e-21
4.84718	-2.94174e-21
4.85218	-2.9511e-21
4.85718	-2.96049e-21
4.86218	-2.96991e-21
4.86718	-2.97936e-21
4.87218	-2.98884e-21
4.87718	-2.99835e-21
4.88218	-3.0079e-21
4.88718	-3.01748e-21
4.89218	-3.02708e-21
4.89718	-3.03672e-21
4.90218	-3.04639e-21
4.90718	-3.0561e-21
4.91218	-3.06583e-21
4.91718	-3.0756e-21
4.92218	-3.08539e-21
4.92718	-3.09522e-21
4.93218	-3.10508e-21
4.93718	-3.11497e-21
4.94218	-3.12489e-21
4.94718	-3.13485e-21
4.95218	-3.14483e-21
4.95718	-3.15484e-21
4.96218	-3.16489e-21
4.96718	-3.17497e-21
4.97218	-3.18507e-21
4.97718	-3.19521e-21
4.98218	-3.20538e-21
4.98718	-3.21558e-21
4.99218	-3.22581e-21
4.99718	-3.23607e-21
5.00218	-3.24636e-21
5.00718	-3.25668e-21
5.01218	-3.26704e-21
5.01718	-3.27742e-21
5.02218	-3.28783e-21
5.02718	-3.29827e-21
5.03218	-3.30874e-21
5.03718	-3.31924e-21
5.04218	-3.32977e-21
5.04718	-3.34033e-21
5.05218	-3.35092e-21
5.05718	-3.36154e-21
5.06218	-3.37218e-21
5.06718	-3.38286e-21
5.07218	-3.39356e-21
5.07718	-3.40429e-21
5.08218	-3.41505e-21
5.08718	-3.42584e-21
5.09218	-3.43666e-21
5.09718	-3.4475e-21
5.10218	-3.45837e-21
5.10718	-3.46927e-21
5.11218	-3.4802e-21
5.11718	-3.49115e-21
5.12218	-3.50213e-21
5.12718	-3.51313e-21
5.13218	-3.52416e-21
5.13718	-3.53522e-21
5.14218	-3.5463e-21
5.14718	-3.55741e-21
5.15218	-3.56855e-21
5.15718	-3.5797e-21
5.16218	-3.59089e-21
5.16718	-3.60209e-21
5.17218	-3.61332e-21
5.17718	-3.62458e-21
5.18218	-3.63585e-21
5.18718	-3.64715e-21
5.19218	-3.65848e-21
5.19718	-3.66982e-21
5.20218	-3.68119e-21
5.20718	-3.69258e-21
5.21218	-3.70398e-21
5.21718	-3.71541e-21
5.22218	-3.72686e-21
5.22718	-3.73833e-21
5.23218	-3.74982e-21
5.23719	-3.76133e-21
5.24219	-3.77286e-21
5.24719	-3.7844e-21
5.25219	-3.79596e-21
5.25719	-3.80754e-21
5.26219	-3.81914e-21
5.26719	-3.83075e-21
5.27219	-3.84238e-21
5.27719	-3.85402e-21
5.28219	-3.86568e-21
5.28719	-3.87735e-21
5.29219	-3.88904e-21
5.29719	-3.90073e-21
5.30219	-3.91244e-21
5.30719	-3.92416e-21
5.31219	-3.9359e-21
5.31719	-3.94764e-21
5.32219	-3.95939e-21
5.32719	-3.97115e-21
5.33219	-3.98292e-21
5.33719	-3.9947e-21
5.34219	-4.00648e-21
5.34719	-4.01827e-21
5.35219	-4.03006e-21
5.35719	-4.04186e-21
5.36219	-4.05366e-21
5.36719	-4.06547e-21
5.37219	-4.07728e-21
5.37719	-4.08908e-21
5.38219	-4.10089e-21
5.38719	-4.1127e-21
5.39219	-4.12451e-21
5.39719	-4.13631e-21
5.40219	-4.14811e-21
5.40719	-4.15991e-21
5.41219	-4.1717e-21
5.41719	-4.18348e-21
5.42219	-4.19526e-21
5.42719	-4.20702e-21
5.43219	-4.21878e-21
5.43719	-4.23053e-21
5.44219	-4.24226e-21
5.44719	-4.25398e-21
5.45219	-4.26569e-21
5.45719	-4.27738e-21
5.46219	-4.28906e-21
5.46719	-4.30071e-21
5.47219	-4.31235e-21
5.47719	-4.32397e-21
5.48219	-4.33556e-21
5.48719	-4.34713e-21
5.49219	-4.35868e-21
5.49719	-4.3702e-21
5.50219	-4.38169e-21
5.50719	-4.39315e-21
5.51219	-4.40458e-21
5.51719	-4.41598e-21
5.52219	-4.42734e-21
5.52719	-4.43867e-21
5.53219	-4.44996e-21
5.53719	-4.46121e-21
5.54219	-4.47242e-21
5.54719	-4.48359e-21
5.55219	-4.49471e-21
5.55719	-4.50578e-21
5.56219	-4.51681e-21
5.56719	-4.52779e-21
5.57219	-4.53871e-21
5.57719	-4.54958e-21
5.58219	-4.56039e-21
5.58719	-4.57115e-21
5.59219	-4.58184e-21
5.59719	-4.59247e-21
5.60219	-4.60304e-21
5.60719	-4.61353e-21
5.61219	-4.62396e-21
5.61719	-4.63431e-21
5.62219	-4.64459e-21
5.62719	-4.6548e-21
5.63219	-4.66492e-21
5.63719	-4.67496e-21
5.64219	-4.68491e-21
5.64719	-4.69478e-21
5.65219	-4.70455e-21
5.65719	-4.71423e-21
5.66219	-4.72382e-21
5.66719	-4.73331e-21
5.67219	-4.74269e-21
5.6772	-4.75197e-21
5.6822	-4.76113e-21
5.6872	-4.77019e-21
5.6922	-4.77913e-21
5.6972	-4.78795e-21
5.7022	-4.79666e-21
5.7072	-4.80523e-21
5.7122	-4.81368e-21
5.7172	-4.82199e-21
5.7222	-4.83017e-21
5.7272	-4.8382e-21
5.7322	-4.8461e-21
5.7372	-4.85384e-21
5.7422	-4.86143e-21
5.7472	-4.86887e-21
5.7522	-4.87615e-21
5.7572	-4.88326e-21
5.7622	-4.8902e-21
5.7672	-4.89697e-21
5.7722	-4.90356e-21
5.7772	-4.90997e-21
5.7822	-4.9162e-21
5.7872	-4.92223e-21
5.7922	-4.92806e-21
5.7972	-4.93369e-21
5.8022	-4.93911e-21
5.8072	-4.94432e-21
5.8122	-4.94932e-21
5.8172	-4.95409e-21
5.8222	-4.95863e-21
5.8272	-4.96294e-21
5.8322	-4.96701e-21
5.8372	-4.97083e-21
5.8422	-4.9744e-21
5.8472	-4.97771e-21
5.8522	-4.98076e-21
5.8572	-4.98354e-21
5.8622	-4.98603e-21
5.8672	-4.98825e-21
5.8722	-4.99017e-21
5.8772	-4.9918e-21
5.8822	-4.99312e-21
5.8872	-4.99413e-21
5.8922	-4.99482e-21
5.8972	-4.99519e-21
5.9022	-4.99522e-21
5.9072	-4.9949e-21
5.9122	-4.99424e-21
5.9172	-4.99322e-21
5.9222	-4.99183e-21
5.9272	-4.99006e-21
5.9322	-4.98791e-21
5.9372	-4.98537e-21
5.9422	-4.98243e-21
5.9472	-4.97908e-21
5.9522	-4.9753e-21
5.9572	-4.9711e-21
5.9622	-4.96645e-21
5.9672	-4.96136e-21
5.9722	-4.95581e-21
5.9772	-4.94978e-21
5.9822	-4.94328e-21
5.9872	-4.93628e-21
5.9922	-4.92878e-21
5.9972	-4.92077e-21
6.0022	-4.91223e-21
6.0072	-4.90315e-21
6.0122	-4.89352e-21
6.0172	-4.88333e-21
6.0222	-4.87257e-21
6.0272	-4.86122e-21
6.0322	-4.84928e-21
6.0372	-4.83671e-21
6.0422	-4.82353e-21
6.0472	-4.8097e-21
6.0522	-4.79521e-21
6.0572	-4.78006e-21
6.0622	-4.76423e-21
6.0672	-4.74769e-21
6.0722	-4.73044e-21
6.0772	-4.71247e-21
6.0822	-4.69374e-21
6.0872	-4.67426e-21
6.0922	-4.65399e-21
6.0972	-4.63294e-21
6.1022	-4.61106e-21
6.1072	-4.58836e-21
6.11221	-4.56481e-21
6.11721	-4.54039e-21
6.12221	-4.51509e-21
6.12721	-4.48888e-21
6.13221	-4.46175e-21
6.13721	-4.43367e-21
6.14221	-4.40463e-21
6.14721	-4.3746e-21
6.15221	-4.34356e-21
6.15721	-4.3115e-21
6.16221	-4.27838e-21
6.16721	-4.24419e-21
6.17221	-4.2089e-21
6.17721	-4.17249e-21
6.18221	-4.13494e-21
6.18721	-4.09622e-21
6.19221	-4.0563e-21
6.19721	-4.01516e-21
6.20221	-3.97278e-21
6.20721	-3.92912e-21
6.21221	-3.88416e-21
6.21721	-3.83788e-21
6.22221	-3.79023e-21
6.22721	-3.7412e-21
6.23221	-3.69076e-21
6.23721	-3.63886e-21
6.24221	-3.58549e-21
6.24721	-3.53061e-21
6.25221	-3.47419e-21
6.25721	-3.41619e-21
6.26221	-3.35658e-21
6.26721	-3.29533e-21
6.27221	-3.23241e-21
6.27721	-3.16776e-21
6.28221	-3.10137e-21
6.28721	-3.03319e-21
6.29221	-2.96318e-21
6.29721	-2.8913e-21
6.30221	-2.81752e-21
6.30721	-2.74179e-21
6.31221	-2.66407e-21
6.31721	-2.58432e-21
6.32221	-2.50249e-21
6.32721	-2.41854e-21
6.33221	-2.33243e-21
6.33721	-2.24411e-21
6.34221	-2.15352e-21
6.34721	-2.06063e-21
6.35221	-1.96537e-21
6.35721	-1.86771e-21
6.36221	-1.76759e-21
6.36721	-1.66495e-21
6.37221	-1.55975e-21
6.37721	-1.45192e-21
6.38221	-1.34141e-21
6.38721	-1.22817e-21
6.39221	-1.11213e-21
6.39721	-9.93228e-22
6.40221	-8.7141e-22
6.40721	-7.46609e-22
6.41221	-6.18762e-22
6.41721	-4.87803e-22
6.42221	-3.53663e-22
6.42721	-2.16275e-22
6.43221	-7.55679e-23
6.43721	6.85306e-23
6.44221	2.16094e-22
6.44721	3.67197e-22
6.45221	5.21918e-22
6.45721	6.80333e-22
6.46221	8.42525e-22
6.46721	1.00858e-21
6.47221	1.17857e-21
6.47721	1.35259e-21
6.48221	1.53073e-21
6.48721	1.71307e-21
6.49221	1.89971e-21
6.49721	2.09074e-21
6.50221	2.28626e-21
6.50721	2.48637e-21
6.51221	2.69117e-21
6.51721	2.90075e-21
6.52221	3.11523e-21
6.52721	3.33471e-21
6.53221	3.55931e-21
6.53721	3.78913e-21
6.54221	4.02429e-21
6.54721	4.26491e-21
6.55222	4.51111e-21
6.55722	4.76301e-21
6.56222	5.02074e-21
6.56722	5.28443e-21
6.57222	5.5542e-21
6.57722	5.8302e-21
6.58222	6.11257e-21
6.58722	6.40144e-21
6.59222	6.69695e-21
6.59722	6.99927e-21
6.60222	7.30853e-21
6.60722	7.6249e-21
6.61222	7.94853e-21
6.61722	8.27959e-21
6.62222	8.61824e-21
6.62722	8.96465e-21
6.63222	9.319e-21
6.63722	9.68146e-21
6.64222	1.00522e-20
6.64722	1.04315e-20
6.65222	1.08194e-20
6.65722	1.12162e-20
6.66222	1.1622e-20
6.66722	1.20372e-20
6.67222	1.24618e-20
6.67722	1.28961e-20
6.68222	1.33404e-20
6.68722	1.37948e-20
6.69222	1.42596e-20
6.69722	1.4735e-20
6.70222	1.52213e-20
6.70722	1.57186e-20
6.71222	1.62274e-20
6.71722	1.67477e-20
6.72222	1.728e-20
6.72722	1.78244e-20
6.73222	1.83812e-20
6.73722	1.89508e-20
6.74222	1.95334e-20
6.74722	2.01294e-20
6.75222	2.07389e-20
6.75722	2.13625e-20
6.76222	2.20002e-20
6.76722	2.26526e-20
6.77222	2.332e-20
6.77722	2.40026e-20
6.78222	2.47009e-20
6.78722	2.54152e-20
6.79222	2.61459e-20
6.79722	2.68933e-20
6.80222	2.7658e-20
6.80722	2.84402e-20
6.81222	2.92404e-20
6.81722	3.0059e-20
6.82222	3.08964e-20
6.82722	3.17532e-20
6.83222	3.26296e-20
6.83722	3.35264e-20
6.84222	3.44438e-20
6.84722	3.53824e-20
6.85222	3.63426e-20
6.85722	3.73251e-20
6.86222	3.83304e-20
6.86722	3.93589e-20
6.87222	4.04113e-20
6.87722	4.14881e-20
6.88222	4.25899e-20
6.88722	4.37173e-20
6.89222	4.4871e-20
6.89722	4.60515e-20
6.90222	4.72596e-20
6.90722	4.84958e-20
6.91222	4.97609e-20
6.91722	5.10555e-20
6.92222	5.23805e-20
6.92722	5.37365e-20
6.93222	5.51242e-20
6.93722	5.65446e-20
6.94222	5.79983e-20
6.94722	5.94862e-20
6.95222	6.10092e-20
6.95722	6.2568e-20
6.96222	6.41636e-20
6.96722	6.5797e-20
6.97222	6.74689e-20
6.97722	6.91805e-20
6.98222	7.09326e-20
6.98723	7.27264e-20
6.99223	7.45627e-20
6.99723	7.64428e-20
7.00223	7.83677e-20
