-7.003	2.70304e-20
-6.998	2.60971e-20
-6.993	2.51877e-20
-6.988	2.43016e-20
-6.983	2.34382e-20
-6.978	2.25968e-20
-6.973	2.1777e-20
-6.968	2.09782e-20
-6.963	2.01998e-20
-6.958	1.94413e-20
-6.953	1.87023e-20
-6.948	1.79821e-20
-6.943	1.72803e-20
-6.938	1.65965e-20
-6.933	1.59302e-20
-6.928	1.5281e-20
-6.923	1.46484e-20
-6.918	1.40319e-20
-6.913	1.34313e-20
-6.908	1.2846e-20
-6.903	1.22758e-20
-6.898	1.17201e-20
-6.893	1.11787e-20
-6.888	1.06513e-20
-6.883	1.01373e-20
-6.878	9.63657e-21
-6.873	9.1487e-21
-6.868	8.67339e-21
-6.863	8.21031e-21
-6.858	7.75917e-21
-6.853	7.31966e-21
-6.848	6.89151e-21
-6.843	6.47441e-21
-6.838	6.06811e-21
-6.833	5.67233e-21
-6.828	5.28681e-21
-6.823	4.9113e-21
-6.818	4.54554e-21
-6.813	4.18931e-21
-6.808	3.84237e-21
-6.803	3.50447e-21
-6.798	3.17542e-21
-6.79299	2.85497e-21
-6.78799	2.54294e-21
-6.78299	2.2391e-21
-6.77799	1.94326e-21
-6.77299	1.65521e-21
-6.76799	1.37478e-21
-6.76299	1.10178e-21
-6.75799	8.36017e-22
-6.75299	5.77322e-22
-6.74799	3.25521e-22
-6.74299	8.04461e-23
-6.73799	-1.58066e-22
-6.73299	-3.90174e-22
-6.72799	-6.16035e-22
-6.72299	-8.358e-22
-6.71799	-1.04962e-21
-6.71299	-1.25763e-21
-6.70799	-1.45998e-21
-6.70299	-1.6568e-21
-6.69799	-1.84823e-21
-6.69299	-2.0344e-21
-6.68799	-2.21543e-21
-6.68299	-2.39145e-21
-6.67799	-2.56258e-21
-6.67299	-2.72894e-21
-6.66799	-2.89064e-21
-6.66299	-3.0478e-21
-6.65799	-3.20052e-21
-6.65299	-3.34891e-21
-6.64799	-3.49308e-21
-6.64299	-3.63312e-21
-6.63799	-3.76914e-21
-6.63299	-3.90123e-21
-6.62799	-4.02949e-21
-6.62299	-4.15401e-21
-6.61799	-4.27488e-21
-6.61299	-4.39218e-21
-6.60799	-4.506e-21
-6.60299	-4.61643e-21
-6.59799	-4.72355e-21
-6.59299	-4.82743e-21
-6.58799	-4.92816e-21
-6.58299	-5.0258e-21
-6.57799	-5.12044e-21
-6.57299	-5.21215e-21
-6.56799	-5.30099e-21
-6.56299	-5.38703e-21
-6.55799	-5.47034e-21
-6.55299	-5.551e-21
-6.54799	-5.62905e-21
-6.54299	-5.70456e-21
-6.53799	-5.7776e-21
-6.53299	-5.84822e-21
-6.52799	-5.91649e-21
-6.52299	-5.98245e-21
-6.51799	-6.04616e-21
-6.51299	-6.10768e-21
-6.50799	-6.16706e-21
-6.50299	-6.22435e-21
-6.49799	-6.27961e-21
-6.49299	-6.33287e-21
-6.48799	-6.38419e-21
-6.48299	-6.43362e-21
-6.47799	-6.48119e-21
-6.47299	-6.52696e-21
-6.46799	-6.57097e-21
-6.46299	-6.61327e-21
-6.45799	-6.65388e-21
-6.45299	-6.69286e-21
-6.44799	-6.73024e-21
-6.44299	-6.76606e-21
-6.43799	-6.80036e-21
-6.43299	-6.83318e-21
-6.42799	-6.86455e-21
-6.42299	-6.89451e-21
-6.41799	-6.92309e-21
-6.41299	-6.95032e-21
-6.40799	-6.97624e-21
-6.40299	-7.00089e-21
-6.39799	-7.02428e-21
-6.39299	-7.04646e-21
-6.38799	-7.06745e-21
-6.38299	-7.08728e-21
-6.37799	-7.10598e-21
-6.37299	-7.12358e-21
-6.36799	-7.1401e-21
-6.36299	-7.15558e-21
-6.35799	-7.17003e-21
-6.35298	-7.18348e-21
-6.34798	-7.19597e-21
-6.34298	-7.2075e-21
-6.33798	-7.21811e-21
-6.33298	-7.22782e-21
-6.32798	-7.23665e-21
-6.32298	-7.24462e-21
-6.31798	-7.25175e-21
-6.31298	-7.25808e-21
-6.30798	-7.26361e-21
-6.30298	-7.26836e-21
-6.29798	-7.27236e-21
-6.29298	-7.27563e-21
-6.28798	-7.27818e-21
-6.28298	-7.28003e-21
-6.27798	-7.28121e-21
-6.27298	-7.28172e-21
-6.26798	-7.28159e-21
-6.26298	-7.28082e-21
-6.25798	-7.27945e-21
-6.25298	-7.27748e-21
-6.24798	-7.27493e-21
-6.24298	-7.27182e-21
-6.23798	-7.26815e-21
-6.23298	-7.26395e-21
-6.22798	-7.25923e-21
-6.22298	-7.254e-21
-6.21798	-7.24828e-21
-6.21298	-7.24207e-21
-6.20798	-7.2354e-21
-6.20298	-7.22827e-21
-6.19798	-7.2207e-21
-6.19298	-7.2127e-21
-6.18798	-7.20428e-21
-6.18298	-7.19546e-21
-6.17798	-7.18624e-21
-6.17298	-7.17663e-21
-6.16798	-7.16665e-21
-6.16298	-7.15631e-21
-6.15798	-7.14561e-21
-6.15298	-7.13457e-21
-6.14798	-7.1232e-21
-6.14298	-7.1115e-21
-6.13798	-7.09949e-21
-6.13298	-7.08718e-21
-6.12798	-7.07457e-21
-6.12298	-7.06167e-21
-6.11798	-7.04849e-21
-6.11298	-7.03505e-21
-6.10798	-7.02134e-21
-6.10298	-7.00738e-21
-6.09798	-6.99317e-21
-6.09298	-6.97872e-21
-6.08798	-6.96404e-21
-6.08298	-6.94914e-21
-6.07798	-6.93402e-21
-6.07298	-6.91869e-21
-6.06798	-6.90316e-21
-6.06298	-6.88743e-21
-6.05798	-6.87151e-21
-6.05298	-6.85541e-21
-6.04798	-6.83913e-21
-6.04298	-6.82269e-21
-6.03798	-6.80607e-21
-6.03298	-6.7893e-21
-6.02798	-6.77237e-21
-6.02298	-6.75529e-21
-6.01798	-6.73808e-21
-6.01298	-6.72072e-21
-6.00798	-6.70323e-21
-6.00298	-6.68562e-21
-5.99798	-6.66788e-21
-5.99298	-6.65002e-21
-5.98798	-6.63205e-21
-5.98298	-6.61398e-21
-5.97798	-6.59579e-21
-5.97298	-6.57751e-21
-5.96798	-6.55914e-21
-5.96298	-6.54067e-21
-5.95798	-6.52212e-21
-5.95298	-6.50348e-21
-5.94798	-6.48476e-21
-5.94298	-6.46597e-21
-5.93798	-6.44711e-21
-5.93298	-6.42817e-21
-5.92798	-6.40918e-21
-5.92298	-6.39012e-21
-5.91797	-6.37101e-21
-5.91297	-6.35184e-21
-5.90797	-6.33261e-21
-5.90297	-6.31335e-21
-5.89797	-6.29403e-21
-5.89297	-6.27467e-21
-5.88797	-6.25528e-21
-5.88297	-6.23585e-21
-5.87797	-6.21638e-21
-5.87297	-6.19688e-21
-5.86797	-6.17736e-21
-5.86297	-6.15781e-21
-5.85797	-6.13823e-21
-5.85297	-6.11864e-21
-5.84797	-6.09903e-21
-5.84297	-6.0794e-21
-5.83797	-6.05975e-21
-5.83297	-6.0401e-21
-5.82797	-6.02044e-21
-5.82297	-6.00076e-21
-5.81797	-5.98109e-21
-5.81297	-5.96141e-21
-5.80797	-5.94173e-21
-5.80297	-5.92205e-21
-5.79797	-5.90237e-21
-5.79297	-5.8827e-21
-5.78797	-5.86303e-21
-5.78297	-5.84337e-21
-5.77797	-5.82372e-21
-5.77297	-5.80408e-21
-5.76797	-5.78445e-21
-5.76297	-5.76484e-21
-5.75797	-5.74524e-21
-5.75297	-5.72567e-21
-5.74797	-5.7061e-21
-5.74297	-5.68656e-21
-5.73797	-5.66704e-21
-5.73297	-5.64755e-21
-5.72797	-5.62807e-21
-5.72297	-5.60863e-21
-5.71797	-5.58921e-21
-5.71297	-5.56981e-21
-5.70797	-5.55045e-21
-5.70297	-5.53111e-21
-5.69797	-5.51181e-21
-5.69297	-5.49254e-21
-5.68797	-5.4733e-21
-5.68297	-5.45409e-21
-5.67797	-5.43492e-21
-5.67297	-5.41579e-21
-5.66797	-5.39669e-21
-5.66297	-5.37763e-21
-5.65797	-5.35861e-21
-5.65297	-5.33963e-21
-5.64797	-5.32069e-21
-5.64297	-5.30179e-21
-5.63797	-5.28293e-21
-5.63297	-5.26411e-21
-5.62797	-5.24534e-21
-5.62297	-5.22661e-21
-5.61797	-5.20793e-21
-5.61297	-5.18929e-21
-5.60797	-5.1707e-21
-5.60297	-5.15215e-21
-5.59797	-5.13365e-21
-5.59297	-5.1152e-21
-5.58797	-5.0968e-21
-5.58297	-5.07844e-21
-5.57797	-5.06014e-21
-5.57297	-5.04188e-21
-5.56797	-5.02368e-21
-5.56297	-5.00552e-21
-5.55797	-4.98742e-21
-5.55297	-4.96937e-21
-5.54797	-4.95137e-21
-5.54297	-4.93342e-21
-5.53797	-4.91553e-21
-5.53297	-4.89768e-21
-5.52797	-4.8799e-21
-5.52297	-4.86216e-21
-5.51797	-4.84448e-21
-5.51297	-4.82686e-21
-5.50797	-4.80929e-21
-5.50297	-4.79177e-21
-5.49797	-4.77431e-21
-5.49297	-4.75691e-21
-5.48797	-4.73956e-21
-5.48296	-4.72227e-21
-5.47796	-4.70503e-21
-5.47296	-4.68785e-21
-5.46796	-4.67073e-21
-5.46296	-4.65366e-21
-5.45796	-4.63666e-21
-5.45296	-4.6197e-21
-5.44796	-4.60281e-21
-5.44296	-4.58597e-21
-5.43796	-4.5692e-21
-5.43296	-4.55248e-21
-5.42796	-4.53581e-21
-5.42296	-4.51921e-21
-5.41796	-4.50266e-21
-5.41296	-4.48618e-21
-5.40796	-4.46975e-21
-5.40296	-4.45338e-21
-5.39796	-4.43706e-21
-5.39296	-4.42081e-21
-5.38796	-4.40462e-21
-5.38296	-4.38848e-21
-5.37796	-4.3724e-21
-5.37296	-4.35639e-21
-5.36796	-4.34043e-21
-5.36296	-4.32453e-21
-5.35796	-4.30869e-21
-5.35296	-4.29291e-21
-5.34796	-4.27718e-21
-5.34296	-4.26152e-21
-5.33796	-4.24591e-21
-5.33296	-4.23037e-21
-5.32796	-4.21488e-21
-5.32296	-4.19945e-21
-5.31796	-4.18408e-21
-5.31296	-4.16877e-21
-5.30796	-4.15352e-21
-5.30296	-4.13833e-21
-5.29796	-4.1232e-21
-5.29296	-4.10812e-21
-5.28796	-4.0931e-21
-5.28296	-4.07815e-21
-5.27796	-4.06325e-21
-5.27296	-4.04841e-21
-5.26796	-4.03362e-21
-5.26296	-4.0189e-21
-5.25796	-4.00423e-21
-5.25296	-3.98963e-21
-5.24796	-3.97508e-21
-5.24296	-3.96058e-21
-5.23796	-3.94615e-21
-5.23296	-3.93177e-21
-5.22796	-3.91746e-21
-5.22296	-3.90319e-21
-5.21796	-3.88899e-21
-5.21296	-3.87484e-21
-5.20796	-3.86076e-21
-5.20296	-3.84672e-21
-5.19796	-3.83275e-21
-5.19296	-3.81883e-21
-5.18796	-3.80497e-21
-5.18296	-3.79117e-21
-5.17796	-3.77742e-21
-5.17296	-3.76373e-21
-5.16796	-3.75009e-21
-5.16296	-3.73651e-21
-5.15796	-3.72299e-21
-5.15296	-3.70952e-21
-5.14796	-3.69611e-21
-5.14296	-3.68275e-21
-5.13796	-3.66945e-21
-5.13296	-3.65621e-21
-5.12796	-3.64301e-21
-5.12296	-3.62988e-21
-5.11796	-3.6168e-21
-5.11296	-3.60377e-21
-5.10796	-3.5908e-21
-5.10296	-3.57788e-21
-5.09796	-3.56502e-21
-5.09296	-3.55221e-21
-5.08796	-3.53945e-21
-5.08296	-3.52675e-21
-5.07796	-3.5141e-21
-5.07296	-3.50151e-21
-5.06796	-3.48897e-21
-5.06296	-3.47648e-21
-5.05796	-3.46404e-21
-5.05296	-3.45166e-21
-5.04796	-3.43933e-21
-5.04295	-3.42705e-21
-5.03795	-3.41482e-21
-5.03295	-3.40265e-21
-5.02795	-3.39052e-21
-5.02295	-3.37845e-21
-5.01795	-3.36643e-21
-5.01295	-3.35446e-21
-5.00795	-3.34254e-21
-5.00295	-3.33068e-21
-4.99795	-3.31886e-21
-4.99295	-3.3071e-21
-4.98795	-3.29538e-21
-4.98295	-3.28372e-21
-4.97795	-3.2721e-21
-4.97295	-3.26054e-21
-4.96795	-3.24902e-21
-4.96295	-3.23755e-21
-4.95795	-3.22614e-21
-4.95295	-3.21477e-21
-4.94795	-3.20345e-21
-4.94295	-3.19218e-21
-4.93795	-3.18096e-21
-4.93295	-3.16979e-21
-4.92795	-3.15866e-21
-4.92295	-3.14758e-21
-4.91795	-3.13655e-21
-4.91295	-3.12557e-21
-4.90795	-3.11464e-21
-4.90295	-3.10375e-21
-4.89795	-3.09291e-21
-4.89295	-3.08212e-21
-4.88795	-3.07137e-21
-4.88295	-3.06067e-21
-4.87795	-3.05002e-21
-4.87295	-3.03941e-21
-4.86795	-3.02885e-21
-4.86295	-3.01833e-21
-4.85795	-3.00786e-21
-4.85295	-2.99744e-21
-4.84795	-2.98706e-21
-4.84295	-2.97672e-21
-4.83795	-2.96643e-21
-4.83295	-2.95619e-21
-4.82795	-2.94599e-21
-4.82295	-2.93583e-21
-4.81795	-2.92572e-21
-4.81295	-2.91565e-21
-4.80795	-2.90562e-21
-4.80295	-2.89564e-21
-4.79795	-2.88571e-21
-4.79295	-2.87581e-21
-4.78795	-2.86596e-21
-4.78295	-2.85615e-21
-4.77795	-2.84638e-21
-4.77295	-2.83666e-21
-4.76795	-2.82698e-21
-4.76295	-2.81734e-21
-4.75795	-2.80774e-21
-4.75295	-2.79819e-21
-4.74795	-2.78867e-21
-4.74295	-2.7792e-21
-4.73795	-2.76977e-21
-4.73295	-2.76038e-21
-4.72795	-2.75103e-21
-4.72295	-2.74172e-21
-4.71795	-2.73245e-21
-4.71295	-2.72322e-21
-4.70795	-2.71403e-21
-4.70295	-2.70488e-21
-4.69795	-2.69577e-21
-4.69295	-2.6867e-21
-4.68795	-2.67768e-21
-4.68295	-2.66868e-21
-4.67795	-2.65973e-21
-4.67295	-2.65082e-21
-4.66795	-2.64195e-21
-4.66295	-2.63311e-21
-4.65795	-2.62432e-21
-4.65295	-2.61556e-21
-4.64795	-2.60684e-21
-4.64295	-2.59815e-21
-4.63795	-2.58951e-21
-4.63295	-2.5809e-21
-4.62795	-2.57233e-21
-4.62295	-2.5638e-21
-4.61795	-2.5553e-21
-4.61295	-2.54685e-21
-4.60794	-2.53842e-21
-4.60294	-2.53004e-21
-4.59794	-2.52169e-21
-4.59294	-2.51338e-21
-4.58794	-2.5051e-21
-4.58294	-2.49686e-21
-4.57794	-2.48865e-21
-4.57294	-2.48048e-21
-4.56794	-2.47235e-21
-4.56294	-2.46425e-21
-4.55794	-2.45619e-21
-4.55294	-2.44816e-21
-4.54794	-2.44016e-21
-4.54294	-2.4322e-21
-4.53794	-2.42428e-21
-4.53294	-2.41639e-21
-4.52794	-2.40853e-21
-4.52294	-2.40071e-21
-4.51794	-2.39292e-21
-4.51294	-2.38516e-21
-4.50794	-2.37744e-21
-4.50294	-2.36975e-21
-4.49794	-2.3621e-21
-4.49294	-2.35447e-21
-4.48794	-2.34688e-21
-4.48294	-2.33933e-21
-4.47794	-2.3318e-21
-4.47294	-2.32431e-21
-4.46794	-2.31685e-21
-4.46294	-2.30942e-21
-4.45794	-2.30203e-21
-4.45294	-2.29467e-21
-4.44794	-2.28733e-21
-4.44294	-2.28003e-21
-4.43794	-2.27276e-21
-4.43294	-2.26553e-21
-4.42794	-2.25832e-21
-4.42294	-2.25115e-21
-4.41794	-2.244e-21
-4.41294	-2.23689e-21
-4.40794	-2.2298e-21
-4.40294	-2.22275e-21
-4.39794	-2.21573e-21
-4.39294	-2.20873e-21
-4.38794	-2.20177e-21
-4.38294	-2.19484e-21
-4.37794	-2.18794e-21
-4.37294	-2.18106e-21
-4.36794	-2.17422e-21
-4.36294	-2.1674e-21
-4.35794	-2.16062e-21
-4.35294	-2.15386e-21
-4.34794	-2.14713e-21
-4.34294	-2.14043e-21
-4.33794	-2.13376e-21
-4.33294	-2.12712e-21
-4.32794	-2.12051e-21
-4.32294	-2.11392e-21
-4.31794	-2.10736e-21
-4.31294	-2.10083e-21
-4.30794	-2.09433e-21
-4.30294	-2.08786e-21
-4.29794	-2.08141e-21
-4.29294	-2.07499e-21
-4.28794	-2.0686e-21
-4.28294	-2.06223e-21
-4.27794	-2.0559e-21
-4.27294	-2.04959e-21
-4.26794	-2.0433e-21
-4.26294	-2.03705e-21
-4.25794	-2.03081e-21
-4.25294	-2.02461e-21
-4.24794	-2.01843e-21
-4.24294	-2.01228e-21
-4.23794	-2.00615e-21
-4.23294	-2.00005e-21
-4.22794	-1.99398e-21
-4.22294	-1.98793e-21
-4.21794	-1.98191e-21
-4.21294	-1.97591e-21
-4.20794	-1.96994e-21
-4.20294	-1.96399e-21
-4.19794	-1.95807e-21
-4.19294	-1.95217e-21
-4.18794	-1.9463e-21
-4.18294	-1.94045e-21
-4.17794	-1.93463e-21
-4.17294	-1.92883e-21
-4.16793	-1.92306e-21
-4.16293	-1.91731e-21
-4.15793	-1.91159e-21
-4.15293	-1.90588e-21
-4.14793	-1.90021e-21
-4.14293	-1.89455e-21
-4.13793	-1.88892e-21
-4.13293	-1.88332e-21
-4.12793	-1.87773e-21
-4.12293	-1.87217e-21
-4.11793	-1.86664e-21
-4.11293	-1.86113e-21
-4.10793	-1.85564e-21
-4.10293	-1.85017e-21
-4.09793	-1.84473e-21
-4.09293	-1.8393e-21
-4.08793	-1.83391e-21
-4.08293	-1.82853e-21
-4.07793	-1.82318e-21
-4.07293	-1.81784e-21
-4.06793	-1.81253e-21
-4.06293	-1.80725e-21
-4.05793	-1.80198e-21
-4.05293	-1.79674e-21
-4.04793	-1.79152e-21
-4.04293	-1.78632e-21
-4.03793	-1.78114e-21
-4.03293	-1.77598e-21
-4.02793	-1.77085e-21
-4.02293	-1.76573e-21
-4.01793	-1.76064e-21
-4.01293	-1.75557e-21
-4.00793	-1.75052e-21
-4.00293	-1.74549e-21
-3.99793	-1.74048e-21
-3.99293	-1.73549e-21
-3.98793	-1.73053e-21
-3.98293	-1.72558e-21
-3.97793	-1.72065e-21
-3.97293	-1.71575e-21
-3.96793	-1.71086e-21
-3.96293	-1.70599e-21
-3.95793	-1.70115e-21
-3.95293	-1.69632e-21
-3.94793	-1.69152e-21
-3.94293	-1.68673e-21
-3.93793	-1.68196e-21
-3.93293	-1.67722e-21
-3.92793	-1.67249e-21
-3.92293	-1.66778e-21
-3.91793	-1.66309e-21
-3.91293	-1.65842e-21
-3.90793	-1.65377e-21
-3.90293	-1.64914e-21
-3.89793	-1.64453e-21
-3.89293	-1.63993e-21
-3.88793	-1.63536e-21
-3.88293	-1.6308e-21
-3.87793	-1.62627e-21
-3.87293	-1.62175e-21
-3.86793	-1.61725e-21
-3.86293	-1.61277e-21
-3.85793	-1.6083e-21
-3.85293	-1.60386e-21
-3.84793	-1.59943e-21
-3.84293	-1.59502e-21
-3.83793	-1.59063e-21
-3.83293	-1.58625e-21
-3.82793	-1.5819e-21
-3.82293	-1.57756e-21
-3.81793	-1.57324e-21
-3.81293	-1.56894e-21
-3.80793	-1.56465e-21
-3.80293	-1.56038e-21
-3.79793	-1.55613e-21
-3.79293	-1.5519e-21
-3.78793	-1.54768e-21
-3.78293	-1.54348e-21
-3.77793	-1.5393e-21
-3.77293	-1.53514e-21
-3.76793	-1.53099e-21
-3.76293	-1.52686e-21
-3.75793	-1.52274e-21
-3.75293	-1.51864e-21
-3.74793	-1.51456e-21
-3.74293	-1.51049e-21
-3.73793	-1.50645e-21
-3.73292	-1.50241e-21
-3.72792	-1.4984e-21
-3.72292	-1.4944e-21
-3.71792	-1.49041e-21
-3.71292	-1.48644e-21
-3.70792	-1.48249e-21
-3.70292	-1.47855e-21
-3.69792	-1.47463e-21
-3.69292	-1.47073e-21
-3.68792	-1.46684e-21
-3.68292	-1.46296e-21
-3.67792	-1.45911e-21
-3.67292	-1.45526e-21
-3.66792	-1.45144e-21
-3.66292	-1.44762e-21
-3.65792	-1.44383e-21
-3.65292	-1.44005e-21
-3.64792	-1.43628e-21
-3.64292	-1.43253e-21
-3.63792	-1.42879e-21
-3.63292	-1.42507e-21
-3.62792	-1.42136e-21
-3.62292	-1.41767e-21
-3.61792	-1.41399e-21
-3.61292	-1.41033e-21
-3.60792	-1.40668e-21
-3.60292	-1.40305e-21
-3.59792	-1.39943e-21
-3.59292	-1.39582e-21
-3.58792	-1.39223e-21
-3.58292	-1.38866e-21
-3.57792	-1.38509e-21
-3.57292	-1.38155e-21
-3.56792	-1.37801e-21
-3.56292	-1.37449e-21
-3.55792	-1.37099e-21
-3.55292	-1.36749e-21
-3.54792	-1.36401e-21
-3.54292	-1.36055e-21
-3.53792	-1.3571e-21
-3.53292	-1.35366e-21
-3.52792	-1.35024e-21
-3.52292	-1.34683e-21
-3.51792	-1.34343e-21
-3.51292	-1.34005e-21
-3.50792	-1.33668e-21
-3.50292	-1.33332e-21
-3.49792	-1.32998e-21
-3.49292	-1.32665e-21
-3.48792	-1.32333e-21
-3.48292	-1.32002e-21
-3.47792	-1.31673e-21
-3.47292	-1.31345e-21
-3.46792	-1.31019e-21
-3.46292	-1.30694e-21
-3.45792	-1.3037e-21
-3.45292	-1.30047e-21
-3.44792	-1.29725e-21
-3.44292	-1.29405e-21
-3.43792	-1.29086e-21
-3.43292	-1.28769e-21
-3.42792	-1.28452e-21
-3.42292	-1.28137e-21
-3.41792	-1.27823e-21
-3.41292	-1.2751e-21
-3.40792	-1.27199e-21
-3.40292	-1.26888e-21
-3.39792	-1.26579e-21
-3.39292	-1.26271e-21
-3.38792	-1.25965e-21
-3.38292	-1.25659e-21
-3.37792	-1.25355e-21
-3.37292	-1.25052e-21
-3.36792	-1.2475e-21
-3.36292	-1.24449e-21
-3.35792	-1.24149e-21
-3.35292	-1.23851e-21
-3.34792	-1.23553e-21
-3.34292	-1.23257e-21
-3.33792	-1.22962e-21
-3.33292	-1.22668e-21
-3.32792	-1.22376e-21
-3.32292	-1.22084e-21
-3.31792	-1.21794e-21
-3.31292	-1.21504e-21
-3.30792	-1.21216e-21
-3.30292	-1.20929e-21
-3.29791	-1.20643e-21
-3.29291	-1.20358e-21
-3.28791	-1.20074e-21
-3.28291	-1.19792e-21
-3.27791	-1.1951e-21
-3.27291	-1.1923e-21
-3.26791	-1.1895e-21
-3.26291	-1.18672e-21
-3.25791	-1.18395e-21
-3.25291	-1.18118e-21
-3.24791	-1.17843e-21
-3.24291	-1.17569e-21
-3.23791	-1.17296e-21
-3.23291	-1.17024e-21
-3.22791	-1.16753e-21
-3.22291	-1.16483e-21
-3.21791	-1.16215e-21
-3.21291	-1.15947e-21
-3.20791	-1.1568e-21
-3.20291	-1.15414e-21
-3.19791	-1.15149e-21
-3.19291	-1.14886e-21
-3.18791	-1.14623e-21
-3.18291	-1.14361e-21
-3.17791	-1.14101e-21
-3.17291	-1.13841e-21
-3.16791	-1.13582e-21
-3.16291	-1.13324e-21
-3.15791	-1.13068e-21
-3.15291	-1.12812e-21
-3.14791	-1.12557e-21
-3.14291	-1.12303e-21
-3.13791	-1.12051e-21
-3.13291	-1.11799e-21
-3.12791	-1.11548e-21
-3.12291	-1.11298e-21
-3.11791	-1.11049e-21
-3.11291	-1.10801e-21
-3.10791	-1.10554e-21
-3.10291	-1.10308e-21
-3.09791	-1.10062e-21
-3.09291	-1.09818e-21
-3.08791	-1.09575e-21
-3.08291	-1.09332e-21
-3.07791	-1.09091e-21
-3.07291	-1.0885e-21
-3.06791	-1.08611e-21
-3.06291	-1.08372e-21
-3.05791	-1.08134e-21
-3.05291	-1.07897e-21
-3.04791	-1.07661e-21
-3.04291	-1.07426e-21
-3.03791	-1.07192e-21
-3.03291	-1.06958e-21
-3.02791	-1.06726e-21
-3.02291	-1.06494e-21
-3.01791	-1.06263e-21
-3.01291	-1.06033e-21
-3.00791	-1.05805e-21
-3.00291	-1.05576e-21
-2.99791	-1.05349e-21
-2.99291	-1.05123e-21
-2.98791	-1.04897e-21
-2.98291	-1.04673e-21
-2.97791	-1.04449e-21
-2.97291	-1.04226e-21
-2.96791	-1.04004e-21
-2.96291	-1.03782e-21
-2.95791	-1.03562e-21
-2.95291	-1.03342e-21
-2.94791	-1.03123e-21
-2.94291	-1.02905e-21
-2.93791	-1.02688e-21
-2.93291	-1.02472e-21
-2.92791	-1.02256e-21
-2.92291	-1.02042e-21
-2.91791	-1.01828e-21
-2.91291	-1.01615e-21
-2.90791	-1.01403e-21
-2.90291	-1.01191e-21
-2.89791	-1.0098e-21
-2.89291	-1.0077e-21
-2.88791	-1.00561e-21
-2.88291	-1.00353e-21
-2.87791	-1.00146e-21
-2.87291	-9.99388e-22
-2.86791	-9.97328e-22
-2.86291	-9.95276e-22
-2.8579	-9.93232e-22
-2.8529	-9.91196e-22
-2.8479	-9.89167e-22
-2.8429	-9.87146e-22
-2.8379	-9.85132e-22
-2.8329	-9.83126e-22
-2.8279	-9.81128e-22
-2.8229	-9.79137e-22
-2.8179	-9.77153e-22
-2.8129	-9.75177e-22
-2.8079	-9.73208e-22
-2.8029	-9.71247e-22
-2.7979	-9.69293e-22
-2.7929	-9.67346e-22
-2.7879	-9.65407e-22
-2.7829	-9.63475e-22
-2.7779	-9.6155e-22
-2.7729	-9.59633e-22
-2.7679	-9.57723e-22
-2.7629	-9.55819e-22
-2.7579	-9.53923e-22
-2.7529	-9.52035e-22
-2.7479	-9.50153e-22
-2.7429	-9.48278e-22
-2.7379	-9.4641e-22
-2.7329	-9.44549e-22
-2.7279	-9.42696e-22
-2.7229	-9.40849e-22
-2.7179	-9.39009e-22
-2.7129	-9.37176e-22
-2.7079	-9.3535e-22
-2.7029	-9.3353e-22
-2.6979	-9.31718e-22
-2.6929	-9.29912e-22
-2.6879	-9.28113e-22
-2.6829	-9.26321e-22
-2.6779	-9.24535e-22
-2.6729	-9.22756e-22
-2.6679	-9.20984e-22
-2.6629	-9.19219e-22
-2.6579	-9.1746e-22
-2.6529	-9.15707e-22
-2.6479	-9.13961e-22
-2.6429	-9.12222e-22
-2.6379	-9.10489e-22
-2.6329	-9.08763e-22
-2.6279	-9.07043e-22
-2.6229	-9.0533e-22
-2.6179	-9.03623e-22
-2.6129	-9.01922e-22
-2.6079	-9.00228e-22
-2.6029	-8.9854e-22
-2.5979	-8.96859e-22
-2.5929	-8.95183e-22
-2.5879	-8.93514e-22
-2.5829	-8.91851e-22
-2.5779	-8.90195e-22
-2.5729	-8.88544e-22
-2.5679	-8.869e-22
-2.5629	-8.85262e-22
-2.5579	-8.8363e-22
-2.5529	-8.82004e-22
-2.5479	-8.80385e-22
-2.5429	-8.78771e-22
-2.5379	-8.77163e-22
-2.5329	-8.75562e-22
-2.5279	-8.73966e-22
-2.5229	-8.72376e-22
-2.5179	-8.70793e-22
-2.5129	-8.69215e-22
-2.5079	-8.67643e-22
-2.5029	-8.66077e-22
-2.4979	-8.64517e-22
-2.4929	-8.62963e-22
-2.4879	-8.61414e-22
-2.4829	-8.59871e-22
-2.4779	-8.58335e-22
-2.4729	-8.56803e-22
-2.4679	-8.55278e-22
-2.4629	-8.53758e-22
-2.4579	-8.52244e-22
-2.4529	-8.50736e-22
-2.4479	-8.49233e-22
-2.4429	-8.47736e-22
-2.4379	-8.46245e-22
-2.4329	-8.44759e-22
-2.4279	-8.43278e-22
-2.42289	-8.41804e-22
-2.41789	-8.40334e-22
-2.41289	-8.38871e-22
-2.40789	-8.37413e-22
-2.40289	-8.3596e-22
-2.39789	-8.34512e-22
-2.39289	-8.33071e-22
-2.38789	-8.31634e-22
-2.38289	-8.30203e-22
-2.37789	-8.28777e-22
-2.37289	-8.27357e-22
-2.36789	-8.25942e-22
-2.36289	-8.24532e-22
-2.35789	-8.23128e-22
-2.35289	-8.21729e-22
-2.34789	-8.20335e-22
-2.34289	-8.18946e-22
-2.33789	-8.17563e-22
-2.33289	-8.16185e-22
-2.32789	-8.14812e-22
-2.32289	-8.13444e-22
-2.31789	-8.12081e-22
-2.31289	-8.10724e-22
-2.30789	-8.09371e-22
-2.30289	-8.08024e-22
-2.29789	-8.06682e-22
-2.29289	-8.05344e-22
-2.28789	-8.04012e-22
-2.28289	-8.02685e-22
-2.27789	-8.01363e-22
-2.27289	-8.00046e-22
-2.26789	-7.98734e-22
-2.26289	-7.97426e-22
-2.25789	-7.96124e-22
-2.25289	-7.94827e-22
-2.24789	-7.93534e-22
-2.24289	-7.92247e-22
-2.23789	-7.90964e-22
-2.23289	-7.89686e-22
-2.22789	-7.88413e-22
-2.22289	-7.87145e-22
-2.21789	-7.85881e-22
-2.21289	-7.84623e-22
-2.20789	-7.83369e-22
-2.20289	-7.8212e-22
-2.19789	-7.80876e-22
-2.19289	-7.79636e-22
-2.18789	-7.78401e-22
-2.18289	-7.77171e-22
-2.17789	-7.75945e-22
-2.17289	-7.74724e-22
-2.16789	-7.73508e-22
-2.16289	-7.72297e-22
-2.15789	-7.7109e-22
-2.15289	-7.69887e-22
-2.14789	-7.68689e-22
-2.14289	-7.67496e-22
-2.13789	-7.66307e-22
-2.13289	-7.65123e-22
-2.12789	-7.63944e-22
-2.12289	-7.62768e-22
-2.11789	-7.61598e-22
-2.11289	-7.60432e-22
-2.10789	-7.5927e-22
-2.10289	-7.58113e-22
-2.09789	-7.5696e-22
-2.09289	-7.55811e-22
-2.08789	-7.54667e-22
-2.08289	-7.53528e-22
-2.07789	-7.52392e-22
-2.07289	-7.51261e-22
-2.06789	-7.50135e-22
-2.06289	-7.49013e-22
-2.05789	-7.47895e-22
-2.05289	-7.46781e-22
-2.04789	-7.45672e-22
-2.04289	-7.44567e-22
-2.03789	-7.43466e-22
-2.03289	-7.42369e-22
-2.02789	-7.41277e-22
-2.02289	-7.40189e-22
-2.01789	-7.39105e-22
-2.01289	-7.38025e-22
-2.00789	-7.3695e-22
-2.00289	-7.35879e-22
-1.99789	-7.34811e-22
-1.99289	-7.33748e-22
-1.98789	-7.32689e-22
-1.98289	-7.31635e-22
-1.97789	-7.30584e-22
-1.97289	-7.29537e-22
-1.96789	-7.28495e-22
-1.96289	-7.27456e-22
-1.95789	-7.26422e-22
-1.95289	-7.25391e-22
-1.94789	-7.24365e-22
-1.94289	-7.23343e-22
-1.93789	-7.22324e-22
-1.93289	-7.2131e-22
-1.92789	-7.203e-22
-1.92289	-7.19293e-22
-1.91789	-7.1829e-22
-1.91289	-7.17292e-22
-1.90789	-7.16297e-22
-1.90289	-7.15306e-22
-1.89789	-7.1432e-22
-1.89289	-7.13337e-22
-1.88789	-7.12358e-22
-1.88289	-7.11382e-22
-1.87789	-7.10411e-22
-1.87289	-7.09443e-22
-1.86789	-7.0848e-22
-1.86289	-7.0752e-22
-1.85789	-7.06564e-22
-1.85289	-7.05611e-22
-1.84789	-7.04663e-22
-1.84289	-7.03718e-22
-1.83789	-7.02777e-22
-1.83289	-7.0184e-22
-1.82789	-7.00906e-22
-1.82289	-6.99977e-22
-1.81789	-6.9905e-22
-1.81289	-6.98128e-22
-1.80789	-6.97209e-22
-1.80289	-6.96294e-22
-1.79789	-6.95383e-22
-1.79289	-6.94475e-22
-1.78789	-6.93571e-22
-1.78289	-6.92671e-22
-1.77789	-6.91774e-22
-1.77289	-6.90881e-22
-1.76789	-6.89991e-22
-1.76289	-6.89105e-22
-1.75789	-6.88223e-22
-1.75289	-6.87344e-22
-1.74789	-6.86469e-22
-1.74289	-6.85597e-22
-1.73789	-6.84729e-22
-1.73289	-6.83864e-22
-1.72789	-6.83003e-22
-1.72289	-6.82146e-22
-1.71789	-6.81291e-22
-1.71289	-6.80441e-22
-1.70789	-6.79594e-22
-1.70289	-6.7875e-22
-1.69789	-6.7791e-22
-1.69289	-6.77073e-22
-1.68789	-6.7624e-22
-1.68289	-6.7541e-22
-1.67789	-6.74583e-22
-1.67289	-6.7376e-22
-1.66789	-6.72941e-22
-1.66289	-6.72124e-22
-1.65789	-6.71311e-22
-1.65289	-6.70502e-22
-1.64789	-6.69696e-22
-1.64289	-6.68893e-22
-1.63789	-6.68093e-22
-1.63289	-6.67297e-22
-1.62789	-6.66504e-22
-1.62289	-6.65715e-22
-1.61789	-6.64929e-22
-1.61289	-6.64146e-22
-1.60789	-6.63366e-22
-1.60289	-6.6259e-22
-1.59789	-6.61817e-22
-1.59289	-6.61047e-22
-1.58789	-6.6028e-22
-1.58289	-6.59517e-22
-1.57789	-6.58757e-22
-1.57289	-6.58e-22
-1.56789	-6.57247e-22
-1.56289	-6.56496e-22
-1.55789	-6.55749e-22
-1.55289	-6.55005e-22
-1.54789	-6.54264e-22
-1.54289	-6.53526e-22
-1.53789	-6.52792e-22
-1.53289	-6.5206e-22
-1.52789	-6.51332e-22
-1.52289	-6.50607e-22
-1.51789	-6.49885e-22
-1.51289	-6.49166e-22
-1.50789	-6.48451e-22
-1.50289	-6.47738e-22
-1.49789	-6.47029e-22
-1.49289	-6.46322e-22
-1.48789	-6.45619e-22
-1.48289	-6.44919e-22
-1.47789	-6.44221e-22
-1.47289	-6.43527e-22
-1.46789	-6.42836e-22
-1.46289	-6.42148e-22
-1.45789	-6.41463e-22
-1.45289	-6.40781e-22
-1.44789	-6.40102e-22
-1.44289	-6.39426e-22
-1.43789	-6.38754e-22
-1.43289	-6.38084e-22
-1.42789	-6.37417e-22
-1.42289	-6.36753e-22
-1.41789	-6.36092e-22
-1.41289	-6.35434e-22
-1.40789	-6.34779e-22
-1.40289	-6.34127e-22
-1.39789	-6.33477e-22
-1.39289	-6.32831e-22
-1.38789	-6.32188e-22
-1.38289	-6.31547e-22
-1.37789	-6.3091e-22
-1.37289	-6.30275e-22
-1.36789	-6.29644e-22
-1.36289	-6.29015e-22
-1.35789	-6.28389e-22
-1.35289	-6.27766e-22
-1.34789	-6.27146e-22
-1.34289	-6.26529e-22
-1.33789	-6.25914e-22
-1.33289	-6.25303e-22
-1.32789	-6.24694e-22
-1.32289	-6.24088e-22
-1.31789	-6.23485e-22
-1.31289	-6.22885e-22
-1.30789	-6.22288e-22
-1.30289	-6.21693e-22
-1.29789	-6.21101e-22
-1.29289	-6.20512e-22
-1.28789	-6.19926e-22
-1.28289	-6.19343e-22
-1.27789	-6.18762e-22
-1.27289	-6.18184e-22
-1.26789	-6.17609e-22
-1.26289	-6.17037e-22
-1.25789	-6.16467e-22
-1.25289	-6.159e-22
-1.24789	-6.15336e-22
-1.24289	-6.14775e-22
-1.23789	-6.14216e-22
-1.23289	-6.13661e-22
-1.22789	-6.13107e-22
-1.22289	-6.12557e-22
-1.21789	-6.12009e-22
-1.21289	-6.11464e-22
-1.20789	-6.10922e-22
-1.20289	-6.10382e-22
-1.19789	-6.09845e-22
-1.19289	-6.09311e-22
-1.18789	-6.08779e-22
-1.18289	-6.0825e-22
-1.17789	-6.07724e-22
-1.17289	-6.072e-22
-1.16789	-6.06679e-22
-1.16289	-6.06161e-22
-1.15789	-6.05645e-22
-1.15289	-6.05132e-22
-1.14789	-6.04621e-22
-1.14289	-6.04113e-22
-1.13789	-6.03608e-22
-1.13289	-6.03105e-22
-1.12789	-6.02605e-22
-1.12289	-6.02108e-22
-1.11789	-6.01613e-22
-1.11289	-6.0112e-22
-1.10789	-6.00631e-22
-1.10289	-6.00144e-22
-1.09789	-5.99659e-22
-1.09289	-5.99177e-22
-1.08789	-5.98697e-22
-1.08289	-5.98221e-22
-1.07789	-5.97746e-22
-1.07289	-5.97274e-22
-1.06789	-5.96805e-22
-1.06289	-5.96338e-22
-1.05789	-5.95874e-22
-1.05289	-5.95412e-22
-1.04789	-5.94953e-22
-1.04289	-5.94496e-22
-1.03789	-5.94042e-22
-1.03289	-5.93591e-22
-1.02789	-5.93141e-22
-1.02289	-5.92695e-22
-1.01789	-5.92251e-22
-1.01289	-5.91809e-22
-1.00789	-5.9137e-22
-1.00289	-5.90933e-22
-0.997886	-5.90499e-22
-0.992886	-5.90067e-22
-0.987886	-5.89637e-22
-0.982886	-5.89211e-22
-0.977886	-5.88786e-22
-0.972886	-5.88364e-22
-0.967886	-5.87944e-22
-0.962886	-5.87527e-22
-0.957886	-5.87113e-22
-0.952886	-5.867e-22
-0.947886	-5.86291e-22
-0.942886	-5.85883e-22
-0.937886	-5.85478e-22
-0.932886	-5.85075e-22
-0.927886	-5.84675e-22
-0.922886	-5.84277e-22
-0.917886	-5.83882e-22
-0.912886	-5.83489e-22
-0.907886	-5.83098e-22
-0.902886	-5.8271e-22
-0.897886	-5.82324e-22
-0.892886	-5.81941e-22
-0.887886	-5.8156e-22
-0.882886	-5.81181e-22
-0.877886	-5.80805e-22
-0.872886	-5.80431e-22
-0.867886	-5.80059e-22
-0.862886	-5.7969e-22
-0.857886	-5.79323e-22
-0.852886	-5.78958e-22
-0.847886	-5.78596e-22
-0.842886	-5.78236e-22
-0.837886	-5.77879e-22
-0.832886	-5.77523e-22
-0.827886	-5.7717e-22
-0.822886	-5.7682e-22
-0.817886	-5.76471e-22
-0.812886	-5.76125e-22
-0.807886	-5.75782e-22
-0.802886	-5.7544e-22
-0.797886	-5.75101e-22
-0.792886	-5.74765e-22
-0.787887	-5.7443e-22
-0.782887	-5.74098e-22
-0.777887	-5.73768e-22
-0.772887	-5.73441e-22
-0.767887	-5.73115e-22
-0.762887	-5.72792e-22
-0.757887	-5.72472e-22
-0.752887	-5.72153e-22
-0.747887	-5.71837e-22
-0.742887	-5.71523e-22
-0.737887	-5.71211e-22
-0.732887	-5.70902e-22
-0.727887	-5.70595e-22
-0.722887	-5.7029e-22
-0.717887	-5.69987e-22
-0.712887	-5.69687e-22
-0.707887	-5.69389e-22
-0.702887	-5.69093e-22
-0.697887	-5.68799e-22
-0.692887	-5.68508e-22
-0.687887	-5.68219e-22
-0.682887	-5.67932e-22
-0.677887	-5.67647e-22
-0.672887	-5.67364e-22
-0.667887	-5.67084e-22
-0.662887	-5.66806e-22
-0.657887	-5.6653e-22
-0.652887	-5.66256e-22
-0.647887	-5.65985e-22
-0.642887	-5.65716e-22
-0.637887	-5.65449e-22
-0.632887	-5.65184e-22
-0.627887	-5.64921e-22
-0.622887	-5.64661e-22
-0.617887	-5.64402e-22
-0.612887	-5.64146e-22
-0.607887	-5.63892e-22
-0.602887	-5.63641e-22
-0.597887	-5.63391e-22
-0.592887	-5.63144e-22
-0.587887	-5.62899e-22
-0.582887	-5.62656e-22
-0.577887	-5.62415e-22
-0.572887	-5.62176e-22
-0.567887	-5.6194e-22
-0.562887	-5.61705e-22
-0.557887	-5.61473e-22
-0.552887	-5.61243e-22
-0.547887	-5.61015e-22
-0.542887	-5.6079e-22
-0.537887	-5.60566e-22
-0.532887	-5.60345e-22
-0.527887	-5.60125e-22
-0.522887	-5.59908e-22
-0.517887	-5.59693e-22
-0.512887	-5.59481e-22
-0.507887	-5.5927e-22
-0.502887	-5.59061e-22
-0.497887	-5.58855e-22
-0.492887	-5.58651e-22
-0.487887	-5.58448e-22
-0.482887	-5.58248e-22
-0.477887	-5.58051e-22
-0.472887	-5.57855e-22
-0.467887	-5.57661e-22
-0.462887	-5.5747e-22
-0.457887	-5.5728e-22
-0.452887	-5.57093e-22
-0.447887	-5.56908e-22
-0.442887	-5.56725e-22
-0.437887	-5.56544e-22
-0.432887	-5.56365e-22
-0.427887	-5.56188e-22
-0.422887	-5.56013e-22
-0.417887	-5.55841e-22
-0.412887	-5.5567e-22
-0.407887	-5.55502e-22
-0.402887	-5.55336e-22
-0.397887	-5.55172e-22
-0.392887	-5.5501e-22
-0.387887	-5.5485e-22
-0.382887	-5.54692e-22
-0.377887	-5.54536e-22
-0.372887	-5.54382e-22
-0.367887	-5.54231e-22
-0.362887	-5.54081e-22
-0.357887	-5.53934e-22
-0.352887	-5.53788e-22
-0.347887	-5.53645e-22
-0.342887	-5.53504e-22
-0.337887	-5.53365e-22
-0.332887	-5.53227e-22
-0.327887	-5.53092e-22
-0.322887	-5.5296e-22
-0.317887	-5.52829e-22
-0.312887	-5.527e-22
-0.307887	-5.52573e-22
-0.302887	-5.52449e-22
-0.297887	-5.52326e-22
-0.292887	-5.52206e-22
-0.287887	-5.52087e-22
-0.282887	-5.51971e-22
-0.277887	-5.51856e-22
-0.272887	-5.51744e-22
-0.267887	-5.51634e-22
-0.262887	-5.51526e-22
-0.257887	-5.5142e-22
-0.252887	-5.51316e-22
-0.247887	-5.51214e-22
-0.242887	-5.51114e-22
-0.237887	-5.51016e-22
-0.232887	-5.5092e-22
-0.227887	-5.50826e-22
-0.222887	-5.50735e-22
-0.217887	-5.50645e-22
-0.212887	-5.50557e-22
-0.207887	-5.50472e-22
-0.202887	-5.50388e-22
-0.197887	-5.50307e-22
-0.192887	-5.50227e-22
-0.187887	-5.5015e-22
-0.182887	-5.50074e-22
-0.177887	-5.50001e-22
-0.172887	-5.4993e-22
-0.167887	-5.49861e-22
-0.162887	-5.49793e-22
-0.157887	-5.49728e-22
-0.152887	-5.49665e-22
-0.147887	-5.49604e-22
-0.142887	-5.49545e-22
-0.137887	-5.49488e-22
-0.132887	-5.49433e-22
-0.127887	-5.4938e-22
-0.122887	-5.49329e-22
-0.117887	-5.4928e-22
-0.112887	-5.49233e-22
-0.107887	-5.49189e-22
-0.102887	-5.49146e-22
-0.0978871	-5.49105e-22
-0.0928871	-5.49066e-22
-0.0878871	-5.4903e-22
-0.0828871	-5.48995e-22
-0.0778871	-5.48962e-22
-0.0728871	-5.48932e-22
-0.0678871	-5.48903e-22
-0.0628871	-5.48877e-22
-0.0578871	-5.48852e-22
-0.0528871	-5.4883e-22
-0.0478871	-5.48809e-22
-0.0428871	-5.48791e-22
-0.0378871	-5.48775e-22
-0.0328871	-5.4876e-22
-0.0278871	-5.48748e-22
-0.0228871	-5.48738e-22
-0.0178871	-5.48729e-22
-0.0128871	-5.48723e-22
-0.0078871	-5.48719e-22
-0.0028871	-5.48717e-22
0.0021129	-5.48717e-22
0.0071129	-5.48718e-22
0.0121129	-5.48722e-22
0.0171129	-5.48728e-22
0.0221129	-5.48736e-22
0.0271129	-5.48746e-22
0.0321129	-5.48758e-22
0.0371129	-5.48772e-22
0.0421129	-5.48788e-22
0.0471129	-5.48806e-22
0.0521129	-5.48827e-22
0.0571129	-5.48849e-22
0.0621129	-5.48873e-22
0.0671129	-5.48899e-22
0.0721129	-5.48927e-22
0.0771129	-5.48958e-22
0.0821129	-5.4899e-22
0.0871129	-5.49024e-22
0.0921129	-5.49061e-22
0.0971129	-5.49099e-22
0.102113	-5.49139e-22
0.107113	-5.49182e-22
0.112113	-5.49226e-22
0.117113	-5.49273e-22
0.122113	-5.49321e-22
0.127113	-5.49372e-22
0.132113	-5.49425e-22
0.137113	-5.49479e-22
0.142113	-5.49536e-22
0.147113	-5.49595e-22
0.152113	-5.49656e-22
0.157113	-5.49718e-22
0.162113	-5.49783e-22
0.167113	-5.4985e-22
0.172113	-5.49919e-22
0.177113	-5.4999e-22
0.182113	-5.50063e-22
0.187113	-5.50138e-22
0.192113	-5.50215e-22
0.197113	-5.50294e-22
0.202113	-5.50375e-22
0.207113	-5.50459e-22
0.212113	-5.50544e-22
0.217113	-5.50631e-22
0.222113	-5.50721e-22
0.227113	-5.50812e-22
0.232113	-5.50905e-22
0.237113	-5.51001e-22
0.242113	-5.51098e-22
0.247113	-5.51198e-22
0.252113	-5.513e-22
0.257113	-5.51403e-22
0.262113	-5.51509e-22
0.267113	-5.51617e-22
0.272113	-5.51727e-22
0.277113	-5.51839e-22
0.282113	-5.51953e-22
0.287113	-5.52069e-22
0.292113	-5.52187e-22
0.297113	-5.52307e-22
0.302113	-5.52429e-22
0.307113	-5.52554e-22
0.312113	-5.5268e-22
0.317113	-5.52809e-22
0.322113	-5.52939e-22
0.327113	-5.53072e-22
0.332113	-5.53206e-22
0.337113	-5.53343e-22
0.342113	-5.53482e-22
0.347113	-5.53623e-22
0.352113	-5.53766e-22
0.357113	-5.53911e-22
0.362113	-5.54058e-22
0.367113	-5.54207e-22
0.372113	-5.54359e-22
0.377113	-5.54512e-22
0.382113	-5.54667e-22
0.387113	-5.54825e-22
0.392113	-5.54985e-22
0.397113	-5.55146e-22
0.402113	-5.5531e-22
0.407113	-5.55476e-22
0.412113	-5.55644e-22
0.417113	-5.55814e-22
0.422113	-5.55986e-22
0.427113	-5.56161e-22
0.432113	-5.56337e-22
0.437113	-5.56516e-22
0.442113	-5.56696e-22
0.447113	-5.56879e-22
0.452113	-5.57064e-22
0.457113	-5.57251e-22
0.462113	-5.5744e-22
0.467113	-5.57631e-22
0.472113	-5.57825e-22
0.477113	-5.5802e-22
0.482113	-5.58218e-22
0.487113	-5.58417e-22
0.492113	-5.58619e-22
0.497113	-5.58823e-22
0.502113	-5.59029e-22
0.507113	-5.59237e-22
0.512113	-5.59448e-22
0.517113	-5.5966e-22
0.522113	-5.59875e-22
0.527113	-5.60092e-22
0.532113	-5.60311e-22
0.537113	-5.60532e-22
0.542113	-5.60755e-22
0.547113	-5.6098e-22
0.552113	-5.61208e-22
0.557113	-5.61437e-22
0.562113	-5.61669e-22
0.567113	-5.61903e-22
0.572113	-5.62139e-22
0.577112	-5.62378e-22
0.582112	-5.62618e-22
0.587112	-5.62861e-22
0.592112	-5.63106e-22
0.597112	-5.63353e-22
0.602112	-5.63602e-22
0.607112	-5.63853e-22
0.612112	-5.64107e-22
0.617112	-5.64363e-22
0.622112	-5.6462e-22
0.627112	-5.64881e-22
0.632112	-5.65143e-22
0.637112	-5.65407e-22
0.642112	-5.65674e-22
0.647112	-5.65943e-22
0.652112	-5.66214e-22
0.657112	-5.66487e-22
0.662112	-5.66763e-22
0.667112	-5.67041e-22
0.672112	-5.67321e-22
0.677112	-5.67603e-22
0.682112	-5.67887e-22
0.687112	-5.68174e-22
0.692112	-5.68463e-22
0.697112	-5.68754e-22
0.702112	-5.69047e-22
0.707112	-5.69343e-22
0.712112	-5.69641e-22
0.717112	-5.69941e-22
0.722112	-5.70243e-22
0.727112	-5.70547e-22
0.732112	-5.70854e-22
0.737112	-5.71163e-22
0.742112	-5.71475e-22
0.747112	-5.71788e-22
0.752112	-5.72104e-22
0.757112	-5.72422e-22
0.762112	-5.72743e-22
0.767112	-5.73065e-22
0.772112	-5.7339e-22
0.777112	-5.73717e-22
0.782112	-5.74047e-22
0.787112	-5.74379e-22
0.792112	-5.74713e-22
0.797112	-5.75049e-22
0.802112	-5.75388e-22
0.807112	-5.75729e-22
0.812112	-5.76072e-22
0.817112	-5.76418e-22
0.822112	-5.76766e-22
0.827112	-5.77116e-22
0.832112	-5.77468e-22
0.837112	-5.77823e-22
0.842112	-5.78181e-22
0.847112	-5.7854e-22
0.852112	-5.78902e-22
0.857112	-5.79266e-22
0.862112	-5.79633e-22
0.867112	-5.80002e-22
0.872112	-5.80373e-22
0.877112	-5.80747e-22
0.882112	-5.81123e-22
0.887112	-5.81501e-22
0.892112	-5.81882e-22
0.897112	-5.82265e-22
0.902112	-5.8265e-22
0.907112	-5.83038e-22
0.912112	-5.83428e-22
0.917112	-5.83821e-22
0.922112	-5.84216e-22
0.927112	-5.84614e-22
0.932112	-5.85013e-22
0.937112	-5.85416e-22
0.942112	-5.8582e-22
0.947112	-5.86227e-22
0.952112	-5.86637e-22
0.957112	-5.87049e-22
0.962112	-5.87463e-22
0.967112	-5.8788e-22
0.972112	-5.88299e-22
0.977112	-5.88721e-22
0.982112	-5.89145e-22
0.987112	-5.89571e-22
0.992112	-5.9e-22
0.997112	-5.90432e-22
1.00211	-5.90866e-22
1.00711	-5.91302e-22
1.01211	-5.91741e-22
1.01711	-5.92182e-22
1.02211	-5.92626e-22
1.02711	-5.93072e-22
1.03211	-5.93521e-22
1.03711	-5.93972e-22
1.04211	-5.94426e-22
1.04711	-5.94882e-22
1.05211	-5.95341e-22
1.05711	-5.95802e-22
1.06211	-5.96266e-22
1.06711	-5.96733e-22
1.07211	-5.97202e-22
1.07711	-5.97673e-22
1.08211	-5.98147e-22
1.08711	-5.98623e-22
1.09211	-5.99103e-22
1.09711	-5.99584e-22
1.10211	-6.00068e-22
1.10711	-6.00555e-22
1.11211	-6.01044e-22
1.11711	-6.01536e-22
1.12211	-6.02031e-22
1.12711	-6.02528e-22
1.13211	-6.03028e-22
1.13711	-6.0353e-22
1.14211	-6.04035e-22
1.14711	-6.04542e-22
1.15211	-6.05052e-22
1.15711	-6.05565e-22
1.16211	-6.06081e-22
1.16711	-6.06599e-22
1.17211	-6.07119e-22
1.17711	-6.07642e-22
1.18211	-6.08168e-22
1.18711	-6.08697e-22
1.19211	-6.09228e-22
1.19711	-6.09762e-22
1.20211	-6.10299e-22
1.20711	-6.10838e-22
1.21211	-6.1138e-22
1.21711	-6.11925e-22
1.22211	-6.12472e-22
1.22711	-6.13022e-22
1.23211	-6.13575e-22
1.23711	-6.1413e-22
1.24211	-6.14688e-22
1.24711	-6.15249e-22
1.25211	-6.15813e-22
1.25711	-6.16379e-22
1.26211	-6.16948e-22
1.26711	-6.1752e-22
1.27211	-6.18095e-22
1.27711	-6.18672e-22
1.28211	-6.19253e-22
1.28711	-6.19836e-22
1.29211	-6.20421e-22
1.29711	-6.2101e-22
1.30211	-6.21601e-22
1.30711	-6.22195e-22
1.31211	-6.22792e-22
1.31711	-6.23392e-22
1.32211	-6.23995e-22
1.32711	-6.246e-22
1.33211	-6.25208e-22
1.33711	-6.25819e-22
1.34211	-6.26433e-22
1.34711	-6.2705e-22
1.35211	-6.2767e-22
1.35711	-6.28292e-22
1.36211	-6.28918e-22
1.36711	-6.29546e-22
1.37211	-6.30177e-22
1.37711	-6.30812e-22
1.38211	-6.31449e-22
1.38711	-6.32088e-22
1.39211	-6.32731e-22
1.39711	-6.33377e-22
1.40211	-6.34026e-22
1.40711	-6.34677e-22
1.41211	-6.35332e-22
1.41711	-6.3599e-22
1.42211	-6.3665e-22
1.42711	-6.37314e-22
1.43211	-6.3798e-22
1.43711	-6.3865e-22
1.44211	-6.39322e-22
1.44711	-6.39998e-22
1.45211	-6.40676e-22
1.45711	-6.41358e-22
1.46211	-6.42042e-22
1.46711	-6.4273e-22
1.47211	-6.4342e-22
1.47711	-6.44114e-22
1.48211	-6.44811e-22
1.48711	-6.4551e-22
1.49211	-6.46213e-22
1.49711	-6.46919e-22
1.50211	-6.47628e-22
1.50711	-6.4834e-22
1.51211	-6.49055e-22
1.51711	-6.49774e-22
1.52211	-6.50495e-22
1.52711	-6.5122e-22
1.53211	-6.51948e-22
1.53711	-6.52678e-22
1.54211	-6.53412e-22
1.54711	-6.5415e-22
1.55211	-6.5489e-22
1.55711	-6.55634e-22
1.56211	-6.5638e-22
1.56711	-6.5713e-22
1.57211	-6.57883e-22
1.57711	-6.5864e-22
1.58211	-6.59399e-22
1.58711	-6.60162e-22
1.59211	-6.60928e-22
1.59711	-6.61697e-22
1.60211	-6.6247e-22
1.60711	-6.63246e-22
1.61211	-6.64025e-22
1.61711	-6.64807e-22
1.62211	-6.65593e-22
1.62711	-6.66382e-22
1.63211	-6.67174e-22
1.63711	-6.6797e-22
1.64211	-6.68769e-22
1.64711	-6.69571e-22
1.65211	-6.70377e-22
1.65711	-6.71186e-22
1.66211	-6.71998e-22
1.66711	-6.72814e-22
1.67211	-6.73633e-22
1.67711	-6.74456e-22
1.68211	-6.75282e-22
1.68711	-6.76111e-22
1.69211	-6.76944e-22
1.69711	-6.7778e-22
1.70211	-6.7862e-22
1.70711	-6.79463e-22
1.71211	-6.80309e-22
1.71711	-6.8116e-22
1.72211	-6.82013e-22
1.72711	-6.8287e-22
1.73211	-6.83731e-22
1.73711	-6.84595e-22
1.74211	-6.85462e-22
1.74711	-6.86334e-22
1.75211	-6.87208e-22
1.75711	-6.88087e-22
1.76211	-6.88969e-22
1.76711	-6.89854e-22
1.77211	-6.90743e-22
1.77711	-6.91636e-22
1.78211	-6.92532e-22
1.78711	-6.93432e-22
1.79211	-6.94335e-22
1.79711	-6.95242e-22
1.80211	-6.96153e-22
1.80711	-6.97067e-22
1.81211	-6.97986e-22
1.81711	-6.98907e-22
1.82211	-6.99833e-22
1.82711	-7.00762e-22
1.83211	-7.01695e-22
1.83711	-7.02632e-22
1.84211	-7.03572e-22
1.84711	-7.04516e-22
1.85211	-7.05464e-22
1.85711	-7.06416e-22
1.86211	-7.07372e-22
1.86711	-7.08331e-22
1.87211	-7.09294e-22
1.87711	-7.10261e-22
1.88211	-7.11232e-22
1.88711	-7.12206e-22
1.89211	-7.13185e-22
1.89711	-7.14167e-22
1.90211	-7.15153e-22
1.90711	-7.16144e-22
1.91211	-7.17138e-22
1.91711	-7.18136e-22
1.92211	-7.19138e-22
1.92711	-7.20143e-22
1.93211	-7.21153e-22
1.93711	-7.22167e-22
1.94211	-7.23185e-22
1.94711	-7.24206e-22
1.95211	-7.25232e-22
1.95711	-7.26262e-22
1.96211	-7.27296e-22
1.96711	-7.28334e-22
1.97211	-7.29376e-22
1.97711	-7.30422e-22
1.98211	-7.31472e-22
1.98711	-7.32526e-22
1.99211	-7.33584e-22
1.99711	-7.34647e-22
2.00211	-7.35713e-22
2.00711	-7.36784e-22
2.01211	-7.37859e-22
2.01711	-7.38938e-22
2.02211	-7.40021e-22
2.02711	-7.41108e-22
2.03211	-7.422e-22
2.03711	-7.43296e-22
2.04211	-7.44396e-22
2.04711	-7.455e-22
2.05211	-7.46609e-22
2.05711	-7.47722e-22
2.06211	-7.48839e-22
2.06711	-7.49961e-22
2.07211	-7.51087e-22
2.07711	-7.52217e-22
2.08211	-7.53352e-22
2.08711	-7.54491e-22
2.09211	-7.55634e-22
2.09711	-7.56782e-22
2.10211	-7.57934e-22
2.10711	-7.5909e-22
2.11211	-7.60251e-22
2.11711	-7.61417e-22
2.12211	-7.62587e-22
2.12711	-7.63761e-22
2.13211	-7.6494e-22
2.13711	-7.66124e-22
2.14211	-7.67312e-22
2.14711	-7.68504e-22
2.15211	-7.69701e-22
2.15711	-7.70903e-22
2.16211	-7.72109e-22
2.16711	-7.7332e-22
2.17212	-7.74536e-22
2.17712	-7.75756e-22
2.18212	-7.76981e-22
2.18712	-7.7821e-22
2.19212	-7.79445e-22
2.19712	-7.80683e-22
2.20212	-7.81927e-22
2.20712	-7.83175e-22
2.21212	-7.84428e-22
2.21712	-7.85686e-22
2.22212	-7.86949e-22
2.22712	-7.88216e-22
2.23212	-7.89489e-22
2.23712	-7.90766e-22
2.24212	-7.92048e-22
2.24712	-7.93335e-22
2.25212	-7.94626e-22
2.25712	-7.95923e-22
2.26212	-7.97224e-22
2.26712	-7.98531e-22
2.27212	-7.99842e-22
2.27712	-8.01159e-22
2.28212	-8.0248e-22
2.28712	-8.03806e-22
2.29212	-8.05138e-22
2.29712	-8.06474e-22
2.30212	-8.07816e-22
2.30712	-8.09162e-22
2.31212	-8.10514e-22
2.31712	-8.11871e-22
2.32212	-8.13233e-22
2.32712	-8.146e-22
2.33212	-8.15972e-22
2.33712	-8.17349e-22
2.34212	-8.18732e-22
2.34712	-8.2012e-22
2.35212	-8.21513e-22
2.35712	-8.22911e-22
2.36212	-8.24315e-22
2.36712	-8.25723e-22
2.37212	-8.27138e-22
2.37712	-8.28557e-22
2.38212	-8.29982e-22
2.38712	-8.31412e-22
2.39212	-8.32848e-22
2.39712	-8.34289e-22
2.40212	-8.35735e-22
2.40712	-8.37187e-22
2.41212	-8.38645e-22
2.41712	-8.40108e-22
2.42212	-8.41576e-22
2.42712	-8.4305e-22
2.43212	-8.44529e-22
2.43712	-8.46014e-22
2.44212	-8.47505e-22
2.44712	-8.49001e-22
2.45212	-8.50503e-22
2.45712	-8.5201e-22
2.46212	-8.53523e-22
2.46712	-8.55042e-22
2.47212	-8.56567e-22
2.47712	-8.58097e-22
2.48212	-8.59633e-22
2.48712	-8.61175e-22
2.49212	-8.62723e-22
2.49712	-8.64276e-22
2.50212	-8.65835e-22
2.50712	-8.674e-22
2.51212	-8.68971e-22
2.51712	-8.70548e-22
2.52212	-8.72131e-22
2.52712	-8.7372e-22
2.53212	-8.75314e-22
2.53712	-8.76915e-22
2.54212	-8.78522e-22
2.54712	-8.80135e-22
2.55212	-8.81753e-22
2.55712	-8.83378e-22
2.56212	-8.85009e-22
2.56712	-8.86646e-22
2.57212	-8.8829e-22
2.57712	-8.89939e-22
2.58212	-8.91595e-22
2.58712	-8.93256e-22
2.59212	-8.94925e-22
2.59712	-8.96599e-22
2.60212	-8.98279e-22
2.60713	-8.99966e-22
2.61213	-9.0166e-22
2.61713	-9.03359e-22
2.62213	-9.05065e-22
2.62713	-9.06778e-22
2.63213	-9.08497e-22
2.63713	-9.10222e-22
2.64213	-9.11954e-22
2.64713	-9.13692e-22
2.65213	-9.15437e-22
2.65713	-9.17188e-22
2.66213	-9.18946e-22
2.66713	-9.2071e-22
2.67213	-9.22482e-22
2.67713	-9.24259e-22
2.68213	-9.26044e-22
2.68713	-9.27835e-22
2.69213	-9.29633e-22
2.69713	-9.31438e-22
2.70213	-9.33249e-22
2.70713	-9.35068e-22
2.71213	-9.36893e-22
2.71713	-9.38725e-22
2.72213	-9.40563e-22
2.72713	-9.42409e-22
2.73213	-9.44262e-22
2.73713	-9.46122e-22
2.74213	-9.47988e-22
2.74713	-9.49862e-22
2.75213	-9.51743e-22
2.75713	-9.53631e-22
2.76213	-9.55526e-22
2.76713	-9.57428e-22
2.77213	-9.59337e-22
2.77713	-9.61253e-22
2.78213	-9.63177e-22
2.78713	-9.65108e-22
2.79213	-9.67046e-22
2.79713	-9.68991e-22
2.80213	-9.70944e-22
2.80713	-9.72904e-22
2.81213	-9.74872e-22
2.81713	-9.76847e-22
2.82213	-9.78829e-22
2.82713	-9.80819e-22
2.83213	-9.82816e-22
2.83713	-9.84821e-22
2.84213	-9.86834e-22
2.84713	-9.88854e-22
2.85213	-9.90881e-22
2.85713	-9.92917e-22
2.86213	-9.9496e-22
2.86713	-9.9701e-22
2.87213	-9.99069e-22
2.87713	-1.00114e-21
2.88213	-1.00321e-21
2.88713	-1.00529e-21
2.89213	-1.00738e-21
2.89713	-1.00948e-21
2.90213	-1.01158e-21
2.90713	-1.0137e-21
2.91213	-1.01582e-21
2.91713	-1.01795e-21
2.92213	-1.02009e-21
2.92713	-1.02223e-21
2.93213	-1.02439e-21
2.93713	-1.02655e-21
2.94213	-1.02872e-21
2.94713	-1.0309e-21
2.95213	-1.03308e-21
2.95713	-1.03528e-21
2.96213	-1.03748e-21
2.96713	-1.03969e-21
2.97213	-1.04191e-21
2.97713	-1.04414e-21
2.98213	-1.04638e-21
2.98713	-1.04862e-21
2.99213	-1.05088e-21
2.99713	-1.05314e-21
3.00213	-1.05541e-21
3.00713	-1.05769e-21
3.01213	-1.05998e-21
3.01713	-1.06228e-21
3.02213	-1.06458e-21
3.02713	-1.0669e-21
3.03213	-1.06922e-21
3.03713	-1.07155e-21
3.04214	-1.07389e-21
3.04714	-1.07624e-21
3.05214	-1.0786e-21
3.05714	-1.08097e-21
3.06214	-1.08335e-21
3.06714	-1.08574e-21
3.07214	-1.08813e-21
3.07714	-1.09053e-21
3.08214	-1.09295e-21
3.08714	-1.09537e-21
3.09214	-1.0978e-21
3.09714	-1.10024e-21
3.10214	-1.1027e-21
3.10714	-1.10516e-21
3.11214	-1.10763e-21
3.11714	-1.1101e-21
3.12214	-1.11259e-21
3.12714	-1.11509e-21
3.13214	-1.1176e-21
3.13714	-1.12012e-21
3.14214	-1.12264e-21
3.14714	-1.12518e-21
3.15214	-1.12772e-21
3.15714	-1.13028e-21
3.16214	-1.13285e-21
3.16714	-1.13542e-21
3.17214	-1.13801e-21
3.17714	-1.1406e-21
3.18214	-1.14321e-21
3.18714	-1.14582e-21
3.19214	-1.14845e-21
3.19714	-1.15109e-21
3.20214	-1.15373e-21
3.20714	-1.15639e-21
3.21214	-1.15905e-21
3.21714	-1.16173e-21
3.22214	-1.16442e-21
3.22714	-1.16711e-21
3.23214	-1.16982e-21
3.23714	-1.17254e-21
3.24214	-1.17527e-21
3.24714	-1.17801e-21
3.25214	-1.18076e-21
3.25714	-1.18352e-21
3.26214	-1.18629e-21
3.26714	-1.18907e-21
3.27214	-1.19186e-21
3.27714	-1.19467e-21
3.28214	-1.19748e-21
3.28714	-1.20031e-21
3.29214	-1.20314e-21
3.29714	-1.20599e-21
3.30214	-1.20885e-21
3.30714	-1.21172e-21
3.31214	-1.2146e-21
3.31714	-1.21749e-21
3.32214	-1.22039e-21
3.32714	-1.2233e-21
3.33214	-1.22623e-21
3.33714	-1.22917e-21
3.34214	-1.23211e-21
3.34714	-1.23507e-21
3.35214	-1.23805e-21
3.35714	-1.24103e-21
3.36214	-1.24402e-21
3.36714	-1.24703e-21
3.37214	-1.25005e-21
3.37714	-1.25308e-21
3.38214	-1.25612e-21
3.38714	-1.25917e-21
3.39214	-1.26224e-21
3.39714	-1.26531e-21
3.40214	-1.2684e-21
3.40714	-1.2715e-21
3.41214	-1.27462e-21
3.41714	-1.27774e-21
3.42214	-1.28088e-21
3.42714	-1.28403e-21
3.43214	-1.2872e-21
3.43714	-1.29037e-21
3.44214	-1.29356e-21
3.44714	-1.29676e-21
3.45214	-1.29997e-21
3.45714	-1.3032e-21
3.46214	-1.30643e-21
3.46714	-1.30969e-21
3.47214	-1.31295e-21
3.47714	-1.31623e-21
3.48215	-1.31951e-21
3.48715	-1.32282e-21
3.49215	-1.32613e-21
3.49715	-1.32946e-21
3.50215	-1.3328e-21
3.50715	-1.33616e-21
3.51215	-1.33952e-21
3.51715	-1.34291e-21
3.52215	-1.3463e-21
3.52715	-1.34971e-21
3.53215	-1.35313e-21
3.53715	-1.35657e-21
3.54215	-1.36001e-21
3.54715	-1.36348e-21
3.55215	-1.36695e-21
3.55715	-1.37044e-21
3.56215	-1.37395e-21
3.56715	-1.37747e-21
3.57215	-1.381e-21
3.57715	-1.38454e-21
3.58215	-1.3881e-21
3.58715	-1.39168e-21
3.59215	-1.39527e-21
3.59715	-1.39887e-21
3.60215	-1.40249e-21
3.60715	-1.40612e-21
3.61215	-1.40976e-21
3.61715	-1.41342e-21
3.62215	-1.4171e-21
3.62715	-1.42079e-21
3.63215	-1.42449e-21
3.63715	-1.42821e-21
3.64215	-1.43195e-21
3.64715	-1.4357e-21
3.65215	-1.43946e-21
3.65715	-1.44324e-21
3.66215	-1.44704e-21
3.66715	-1.45084e-21
3.67215	-1.45467e-21
3.67715	-1.45851e-21
3.68215	-1.46237e-21
3.68715	-1.46624e-21
3.69215	-1.47012e-21
3.69715	-1.47403e-21
3.70215	-1.47795e-21
3.70715	-1.48188e-21
3.71215	-1.48583e-21
3.71715	-1.4898e-21
3.72215	-1.49378e-21
3.72715	-1.49778e-21
3.73215	-1.50179e-21
3.73715	-1.50582e-21
3.74215	-1.50987e-21
3.74715	-1.51393e-21
3.75215	-1.51801e-21
3.75715	-1.52211e-21
3.76215	-1.52622e-21
3.76715	-1.53035e-21
3.77215	-1.53449e-21
3.77715	-1.53866e-21
3.78215	-1.54284e-21
3.78715	-1.54703e-21
3.79215	-1.55125e-21
3.79715	-1.55548e-21
3.80215	-1.55972e-21
3.80715	-1.56399e-21
3.81215	-1.56827e-21
3.81715	-1.57257e-21
3.82215	-1.57689e-21
3.82715	-1.58123e-21
3.83215	-1.58558e-21
3.83715	-1.58995e-21
3.84215	-1.59434e-21
3.84715	-1.59875e-21
3.85215	-1.60317e-21
3.85715	-1.60761e-21
3.86215	-1.61207e-21
3.86715	-1.61655e-21
3.87215	-1.62105e-21
3.87715	-1.62557e-21
3.88215	-1.6301e-21
3.88715	-1.63465e-21
3.89215	-1.63923e-21
3.89715	-1.64382e-21
3.90215	-1.64843e-21
3.90715	-1.65305e-21
3.91215	-1.6577e-21
3.91716	-1.66237e-21
3.92216	-1.66705e-21
3.92716	-1.67176e-21
3.93216	-1.67648e-21
3.93716	-1.68123e-21
3.94216	-1.68599e-21
3.94716	-1.69077e-21
3.95216	-1.69558e-21
3.95716	-1.7004e-21
3.96216	-1.70524e-21
3.96716	-1.71011e-21
3.97216	-1.71499e-21
3.97716	-1.71989e-21
3.98216	-1.72481e-21
3.98716	-1.72976e-21
3.99216	-1.73472e-21
3.99716	-1.73971e-21
4.00216	-1.74471e-21
4.00716	-1.74974e-21
4.01216	-1.75479e-21
4.01716	-1.75986e-21
4.02216	-1.76494e-21
4.02716	-1.77006e-21
4.03216	-1.77519e-21
4.03716	-1.78034e-21
4.04216	-1.78552e-21
4.04716	-1.79071e-21
4.05216	-1.79593e-21
4.05716	-1.80117e-21
4.06216	-1.80643e-21
4.06716	-1.81171e-21
4.07216	-1.81702e-21
4.07716	-1.82235e-21
4.08216	-1.8277e-21
4.08716	-1.83307e-21
4.09216	-1.83847e-21
4.09716	-1.84388e-21
4.10216	-1.84932e-21
4.10716	-1.85479e-21
4.11216	-1.86027e-21
4.11716	-1.86578e-21
4.12216	-1.87132e-21
4.12716	-1.87687e-21
4.13216	-1.88245e-21
4.13716	-1.88805e-21
4.14216	-1.89368e-21
4.14716	-1.89933e-21
4.15216	-1.905e-21
4.15716	-1.9107e-21
4.16216	-1.91642e-21
4.16716	-1.92217e-21
4.17216	-1.92794e-21
4.17716	-1.93373e-21
4.18216	-1.93955e-21
4.18716	-1.94539e-21
4.19216	-1.95126e-21
4.19716	-1.95716e-21
4.20216	-1.96307e-21
4.20716	-1.96902e-21
4.21216	-1.97498e-21
4.21716	-1.98098e-21
4.22216	-1.987e-21
4.22716	-1.99304e-21
4.23216	-1.99911e-21
4.23716	-2.00521e-21
4.24216	-2.01133e-21
4.24716	-2.01748e-21
4.25216	-2.02365e-21
4.25716	-2.02985e-21
4.26216	-2.03608e-21
4.26716	-2.04233e-21
4.27216	-2.04861e-21
4.27716	-2.05492e-21
4.28216	-2.06125e-21
4.28716	-2.06761e-21
4.29216	-2.074e-21
4.29716	-2.08041e-21
4.30216	-2.08686e-21
4.30716	-2.09333e-21
4.31216	-2.09982e-21
4.31716	-2.10635e-21
4.32216	-2.1129e-21
4.32716	-2.11948e-21
4.33216	-2.12609e-21
4.33716	-2.13273e-21
4.34216	-2.1394e-21
4.34716	-2.14609e-21
4.35216	-2.15282e-21
4.35716	-2.15957e-21
4.36216	-2.16635e-21
4.36717	-2.17316e-21
4.37217	-2.18e-21
4.37717	-2.18687e-21
4.38217	-2.19377e-21
4.38717	-2.2007e-21
4.39217	-2.20765e-21
4.39717	-2.21464e-21
4.40217	-2.22166e-21
4.40717	-2.22871e-21
4.41217	-2.23579e-21
4.41717	-2.2429e-21
4.42217	-2.25004e-21
4.42717	-2.25721e-21
4.43217	-2.26441e-21
4.43717	-2.27164e-21
4.44217	-2.27891e-21
4.44717	-2.2862e-21
4.45217	-2.29353e-21
4.45717	-2.30089e-21
4.46217	-2.30828e-21
4.46717	-2.3157e-21
4.47217	-2.32315e-21
4.47717	-2.33064e-21
4.48217	-2.33816e-21
4.48717	-2.34571e-21
4.49217	-2.3533e-21
4.49717	-2.36091e-21
4.50217	-2.36856e-21
4.50717	-2.37625e-21
4.51217	-2.38396e-21
4.51717	-2.39171e-21
4.52217	-2.3995e-21
4.52717	-2.40732e-21
4.53217	-2.41517e-21
4.53717	-2.42305e-21
4.54217	-2.43097e-21
4.54717	-2.43893e-21
4.55217	-2.44692e-21
4.55717	-2.45494e-21
4.56217	-2.463e-21
4.56717	-2.47109e-21
4.57217	-2.47922e-21
4.57717	-2.48739e-21
4.58217	-2.49559e-21
4.58717	-2.50382e-21
4.59217	-2.51209e-21
4.59717	-2.5204e-21
4.60217	-2.52874e-21
4.60717	-2.53712e-21
4.61217	-2.54554e-21
4.61717	-2.55399e-21
4.62217	-2.56248e-21
4.62717	-2.57101e-21
4.63217	-2.57957e-21
4.63717	-2.58817e-21
4.64217	-2.59681e-21
4.64717	-2.60549e-21
4.65217	-2.6142e-21
4.65717	-2.62296e-21
4.66217	-2.63175e-21
4.66717	-2.64058e-21
4.67217	-2.64944e-21
4.67717	-2.65835e-21
4.68217	-2.6673e-21
4.68717	-2.67628e-21
4.69217	-2.6853e-21
4.69717	-2.69437e-21
4.70217	-2.70347e-21
4.70717	-2.71261e-21
4.71217	-2.72179e-21
4.71717	-2.73102e-21
4.72217	-2.74028e-21
4.72717	-2.74958e-21
4.73217	-2.75892e-21
4.73717	-2.76831e-21
4.74217	-2.77773e-21
4.74717	-2.7872e-21
4.75217	-2.79671e-21
4.75717	-2.80626e-21
4.76217	-2.81585e-21
4.76717	-2.82548e-21
4.77217	-2.83516e-21
4.77717	-2.84487e-21
4.78217	-2.85463e-21
4.78717	-2.86444e-21
4.79217	-2.87428e-21
4.79717	-2.88417e-21
4.80218	-2.8941e-21
4.80718	-2.90408e-21
4.81218	-2.91409e-21
4.81718	-2.92416e-21
4.82218	-2.93426e-21
4.82718	-2.94441e-21
4.83218	-2.9546e-21
4.83718	-2.96484e-21
4.84218	-2.97513e-21
4.84718	-2.98545e-21
4.85218	-2.99583e-21
4.85718	-3.00624e-21
4.86218	-3.01671e-21
4.86718	-3.02722e-21
4.87218	-3.03777e-21
4.87718	-3.04837e-21
4.88218	-3.05902e-21
4.88718	-3.06971e-21
4.89218	-3.08045e-21
4.89718	-3.09124e-21
4.90218	-3.10207e-21
4.90718	-3.11295e-21
4.91218	-3.12388e-21
4.91718	-3.13485e-21
4.92218	-3.14587e-21
4.92718	-3.15694e-21
4.93218	-3.16806e-21
4.93718	-3.17923e-21
4.94218	-3.19044e-21
4.94718	-3.2017e-21
4.95218	-3.21301e-21
4.95718	-3.22437e-21
4.96218	-3.23578e-21
4.96718	-3.24724e-21
4.97218	-3.25875e-21
4.97718	-3.27031e-21
4.98218	-3.28191e-21
4.98718	-3.29357e-21
4.99218	-3.30528e-21
4.99718	-3.31704e-21
5.00218	-3.32884e-21
5.00718	-3.3407e-21
5.01218	-3.35261e-21
5.01718	-3.36457e-21
5.02218	-3.37659e-21
5.02718	-3.38865e-21
5.03218	-3.40076e-21
5.03718	-3.41293e-21
5.04218	-3.42515e-21
5.04718	-3.43742e-21
5.05218	-3.44974e-21
5.05718	-3.46212e-21
5.06218	-3.47455e-21
5.06718	-3.48703e-21
5.07218	-3.49956e-21
5.07718	-3.51215e-21
5.08218	-3.52479e-21
5.08718	-3.53748e-21
5.09218	-3.55023e-21
5.09718	-3.56303e-21
5.10218	-3.57589e-21
5.10718	-3.5888e-21
5.11218	-3.60176e-21
5.11718	-3.61478e-21
5.12218	-3.62785e-21
5.12718	-3.64098e-21
5.13218	-3.65416e-21
5.13718	-3.6674e-21
5.14218	-3.68069e-21
5.14718	-3.69404e-21
5.15218	-3.70744e-21
5.15718	-3.7209e-21
5.16218	-3.73441e-21
5.16718	-3.74798e-21
5.17218	-3.76161e-21
5.17718	-3.77529e-21
5.18218	-3.78903e-21
5.18718	-3.80283e-21
5.19218	-3.81668e-21
5.19718	-3.83059e-21
5.20218	-3.84456e-21
5.20718	-3.85858e-21
5.21218	-3.87266e-21
5.21718	-3.8868e-21
5.22218	-3.90099e-21
5.22718	-3.91524e-21
5.23218	-3.92955e-21
5.23719	-3.94392e-21
5.24219	-3.95834e-21
5.24719	-3.97283e-21
5.25219	-3.98737e-21
5.25719	-4.00197e-21
5.26219	-4.01662e-21
5.26719	-4.03134e-21
5.27219	-4.04611e-21
5.27719	-4.06094e-21
5.28219	-4.07583e-21
5.28719	-4.09078e-21
5.29219	-4.10579e-21
5.29719	-4.12086e-21
5.30219	-4.13598e-21
5.30719	-4.15116e-21
5.31219	-4.16641e-21
5.31719	-4.18171e-21
5.32219	-4.19707e-21
5.32719	-4.21249e-21
5.33219	-4.22797e-21
5.33719	-4.2435e-21
5.34219	-4.2591e-21
5.34719	-4.27475e-21
5.35219	-4.29047e-21
5.35719	-4.30624e-21
5.36219	-4.32207e-21
5.36719	-4.33796e-21
5.37219	-4.35391e-21
5.37719	-4.36992e-21
5.38219	-4.38599e-21
5.38719	-4.40211e-21
5.39219	-4.4183e-21
5.39719	-4.43454e-21
5.40219	-4.45085e-21
5.40719	-4.46721e-21
5.41219	-4.48363e-21
5.41719	-4.50011e-21
5.42219	-4.51664e-21
5.42719	-4.53324e-21
5.43219	-4.54989e-21
5.43719	-4.5666e-21
5.44219	-4.58337e-21
5.44719	-4.6002e-21
5.45219	-4.61708e-21
5.45719	-4.63403e-21
5.46219	-4.65103e-21
5.46719	-4.66808e-21
5.47219	-4.6852e-21
5.47719	-4.70237e-21
5.48219	-4.71959e-21
5.48719	-4.73688e-21
5.49219	-4.75422e-21
5.49719	-4.77161e-21
5.50219	-4.78906e-21
5.50719	-4.80657e-21
5.51219	-4.82413e-21
5.51719	-4.84175e-21
5.52219	-4.85942e-21
5.52719	-4.87715e-21
5.53219	-4.89493e-21
5.53719	-4.91276e-21
5.54219	-4.93065e-21
5.54719	-4.94859e-21
5.55219	-4.96658e-21
5.55719	-4.98462e-21
5.56219	-5.00272e-21
5.56719	-5.02086e-21
5.57219	-5.03906e-21
5.57719	-5.05731e-21
5.58219	-5.07561e-21
5.58719	-5.09395e-21
5.59219	-5.11235e-21
5.59719	-5.13079e-21
5.60219	-5.14928e-21
5.60719	-5.16782e-21
5.61219	-5.18641e-21
5.61719	-5.20504e-21
5.62219	-5.22372e-21
5.62719	-5.24244e-21
5.63219	-5.2612e-21
5.63719	-5.28001e-21
5.64219	-5.29887e-21
5.64719	-5.31776e-21
5.65219	-5.33669e-21
5.65719	-5.35567e-21
5.66219	-5.37468e-21
5.66719	-5.39374e-21
5.67219	-5.41283e-21
5.6772	-5.43196e-21
5.6822	-5.45112e-21
5.6872	-5.47032e-21
5.6922	-5.48956e-21
5.6972	-5.50882e-21
5.7022	-5.52812e-21
5.7072	-5.54745e-21
5.7122	-5.56681e-21
5.7172	-5.5862e-21
5.7222	-5.60562e-21
5.7272	-5.62506e-21
5.7322	-5.64453e-21
5.7372	-5.66402e-21
5.7422	-5.68354e-21
5.7472	-5.70308e-21
5.7522	-5.72263e-21
5.7572	-5.74221e-21
5.7622	-5.76181e-21
5.7672	-5.78142e-21
5.7722	-5.80104e-21
5.7772	-5.82068e-21
5.7822	-5.84033e-21
5.7872	-5.85998e-21
5.7922	-5.87965e-21
5.7972	-5.89932e-21
5.8022	-5.919e-21
5.8072	-5.93868e-21
5.8122	-5.95836e-21
5.8172	-5.97804e-21
5.8222	-5.99772e-21
5.8272	-6.01739e-21
5.8322	-6.03705e-21
5.8372	-6.05671e-21
5.8422	-6.07636e-21
5.8472	-6.09599e-21
5.8522	-6.1156e-21
5.8572	-6.1352e-21
5.8622	-6.15478e-21
5.8672	-6.17433e-21
5.8722	-6.19386e-21
5.8772	-6.21336e-21
5.8822	-6.23283e-21
5.8872	-6.25227e-21
5.8922	-6.27167e-21
5.8972	-6.29104e-21
5.9022	-6.31036e-21
5.9072	-6.32963e-21
5.9122	-6.34886e-21
5.9172	-6.36804e-21
5.9222	-6.38716e-21
5.9272	-6.40623e-21
5.9322	-6.42524e-21
5.9372	-6.44418e-21
5.9422	-6.46305e-21
5.9472	-6.48186e-21
5.9522	-6.50058e-21
5.9572	-6.51923e-21
5.9622	-6.5378e-21
5.9672	-6.55628e-21
5.9722	-6.57467e-21
5.9772	-6.59297e-21
5.9822	-6.61117e-21
5.9872	-6.62926e-21
5.9922	-6.64725e-21
5.9972	-6.66512e-21
6.0022	-6.68288e-21
6.0072	-6.70051e-21
6.0122	-6.71802e-21
6.0172	-6.7354e-21
6.0222	-6.75264e-21
6.0272	-6.76973e-21
6.0322	-6.78669e-21
6.0372	-6.80348e-21
6.0422	-6.82012e-21
6.0472	-6.8366e-21
6.0522	-6.8529e-21
6.0572	-6.86903e-21
6.0622	-6.88498e-21
6.0672	-6.90074e-21
6.0722	-6.9163e-21
6.0772	-6.93166e-21
6.0822	-6.94681e-21
6.0872	-6.96175e-21
6.0922	-6.97646e-21
6.0972	-6.99094e-21
6.1022	-7.00519e-21
6.1072	-7.01919e-21
6.11221	-7.03294e-21
6.11721	-7.04643e-21
6.12221	-7.05965e-21
6.12721	-7.07259e-21
6.13221	-7.08525e-21
6.13721	-7.09761e-21
6.14221	-7.10966e-21
6.14721	-7.12141e-21
6.15221	-7.13283e-21
6.15721	-7.14392e-21
6.16221	-7.15467e-21
6.16721	-7.16507e-21
6.17221	-7.17511e-21
6.17721	-7.18478e-21
6.18221	-7.19406e-21
6.18721	-7.20294e-21
6.19221	-7.21143e-21
6.19721	-7.21949e-21
6.20221	-7.22713e-21
6.20721	-7.23433e-21
6.21221	-7.24107e-21
6.21721	-7.24735e-21
6.22221	-7.25314e-21
6.22721	-7.25845e-21
6.23221	-7.26325e-21
6.23721	-7.26754e-21
6.24221	-7.27128e-21
6.24721	-7.27449e-21
6.25221	-7.27712e-21
6.25721	-7.27918e-21
6.26221	-7.28065e-21
6.26721	-7.28151e-21
6.27221	-7.28174e-21
6.27721	-7.28133e-21
6.28221	-7.28026e-21
6.28721	-7.27851e-21
6.29221	-7.27607e-21
6.29721	-7.27292e-21
6.30221	-7.26903e-21
6.30721	-7.26439e-21
6.31221	-7.25898e-21
6.31721	-7.25279e-21
6.32221	-7.24578e-21
6.32721	-7.23794e-21
6.33221	-7.22924e-21
6.33721	-7.21967e-21
6.34221	-7.2092e-21
6.34721	-7.19781e-21
6.35221	-7.18548e-21
6.35721	-7.17218e-21
6.36221	-7.15788e-21
6.36721	-7.14257e-21
6.37221	-7.12621e-21
6.37721	-7.10878e-21
6.38221	-7.09025e-21
6.38721	-7.0706e-21
6.39221	-7.04979e-21
6.39721	-7.0278e-21
6.40221	-7.00459e-21
6.40721	-6.98014e-21
6.41221	-6.95442e-21
6.41721	-6.92739e-21
6.42221	-6.89902e-21
6.42721	-6.86928e-21
6.43221	-6.83813e-21
6.43721	-6.80554e-21
6.44221	-6.77147e-21
6.44721	-6.73589e-21
6.45221	-6.69875e-21
6.45721	-6.66002e-21
6.46221	-6.61966e-21
6.46721	-6.57764e-21
6.47221	-6.53389e-21
6.47721	-6.4884e-21
6.48221	-6.4411e-21
6.48721	-6.39197e-21
6.49221	-6.34094e-21
6.49721	-6.28798e-21
6.50221	-6.23304e-21
6.50721	-6.17607e-21
6.51221	-6.11702e-21
6.51721	-6.05583e-21
6.52221	-5.99246e-21
6.52721	-5.92685e-21
6.53221	-5.85895e-21
6.53721	-5.7887e-21
6.54221	-5.71604e-21
6.54721	-5.64091e-21
6.55222	-5.56325e-21
6.55722	-5.48301e-21
6.56222	-5.40011e-21
6.56722	-5.31449e-21
6.57222	-5.22609e-21
6.57722	-5.13483e-21
6.58222	-5.04066e-21
6.58722	-4.94348e-21
6.59222	-4.84324e-21
6.59722	-4.73985e-21
6.60222	-4.63324e-21
6.60722	-4.52333e-21
6.61222	-4.41003e-21
6.61722	-4.29327e-21
6.62222	-4.17296e-21
6.62722	-4.04902e-21
6.63222	-3.92135e-21
6.63722	-3.78985e-21
6.64222	-3.65445e-21
6.64722	-3.51503e-21
6.65222	-3.37151e-21
6.65722	-3.22378e-21
6.66222	-3.07174e-21
6.66722	-2.91528e-21
6.67222	-2.75429e-21
6.67722	-2.58866e-21
6.68222	-2.41827e-21
6.68722	-2.24302e-21
6.69222	-2.06277e-21
6.69722	-1.8774e-21
6.70222	-1.6868e-21
6.70722	-1.49082e-21
6.71222	-1.28933e-21
6.71722	-1.08221e-21
6.72222	-8.693e-22
6.72722	-6.50466e-22
6.73222	-4.25559e-22
6.73722	-1.94428e-22
6.74222	4.30816e-23
6.74722	2.87129e-22
6.75222	5.37878e-22
6.75722	7.95494e-22
6.76222	1.06015e-21
6.76722	1.33202e-21
6.77222	1.61129e-21
6.77722	1.89814e-21
6.78222	2.19276e-21
6.78722	2.49535e-21
6.79222	2.8061e-21
6.79722	3.12523e-21
6.80222	3.45294e-21
6.80722	3.78945e-21
6.81222	4.13498e-21
6.81722	4.48976e-21
6.82222	4.85402e-21
6.82722	5.228e-21
6.83222	5.61196e-21
6.83722	6.00613e-21
6.84222	6.41079e-21
6.84722	6.82619e-21
6.85222	7.25262e-21
6.85722	7.69035e-21
6.86222	8.13967e-21
6.86722	8.60087e-21
6.87222	9.07427e-21
6.87722	9.56018e-21
6.88222	1.00589e-20
6.88722	1.05708e-20
6.89222	1.10962e-20
6.89722	1.16354e-20
6.90222	1.21888e-20
6.90722	1.27567e-20
6.91222	1.33397e-20
6.91722	1.39379e-20
6.92222	1.45519e-20
6.92722	1.51819e-20
6.93222	1.58286e-20
6.93722	1.64922e-20
6.94222	1.71733e-20
6.94722	1.78722e-20
6.95222	1.85895e-20
6.95722	1.93256e-20
6.96222	2.00811e-20
6.96722	2.08563e-20
6.97222	2.1652e-20
6.97722	2.24685e-20
6.98222	2.33064e-20
6.98723	2.41664e-20
6.99223	2.5049e-20
6.99723	2.59547e-20
7.00223	2.68843e-20
