-7.003	1.63019e-20
-6.998	1.57397e-20
-6.993	1.51917e-20
-6.988	1.46574e-20
-6.983	1.41366e-20
-6.978	1.36289e-20
-6.973	1.3134e-20
-6.968	1.26515e-20
-6.963	1.21812e-20
-6.958	1.17227e-20
-6.953	1.12757e-20
-6.948	1.084e-20
-6.943	1.04153e-20
-6.938	1.00013e-20
-6.933	9.5977e-21
-6.928	9.20429e-21
-6.923	8.82081e-21
-6.918	8.447e-21
-6.913	8.08262e-21
-6.908	7.72745e-21
-6.903	7.38126e-21
-6.898	7.04382e-21
-6.893	6.71491e-21
-6.888	6.39434e-21
-6.883	6.08189e-21
-6.878	5.77736e-21
-6.873	5.48057e-21
-6.868	5.19131e-21
-6.863	4.90941e-21
-6.858	4.63468e-21
-6.853	4.36696e-21
-6.848	4.10606e-21
-6.843	3.85182e-21
-6.838	3.60409e-21
-6.833	3.3627e-21
-6.828	3.1275e-21
-6.823	2.89833e-21
-6.818	2.67505e-21
-6.813	2.45753e-21
-6.808	2.24561e-21
-6.803	2.03917e-21
-6.798	1.83806e-21
-6.79299	1.64217e-21
-6.78799	1.45137e-21
-6.78299	1.26553e-21
-6.77799	1.08453e-21
-6.77299	9.08257e-22
-6.76799	7.36601e-22
-6.76299	5.69446e-22
-6.75799	4.06686e-22
-6.75299	2.48216e-22
-6.74799	9.39307e-23
-6.74299	-5.62685e-23
-6.73799	-2.0248e-22
-6.73299	-3.44799e-22
-6.72799	-4.83319e-22
-6.72299	-6.1813e-22
-6.71799	-7.49321e-22
-6.71299	-8.7698e-22
-6.70799	-1.00119e-21
-6.70299	-1.12203e-21
-6.69799	-1.23959e-21
-6.69299	-1.35394e-21
-6.68799	-1.46515e-21
-6.68299	-1.57331e-21
-6.67799	-1.67849e-21
-6.67299	-1.78075e-21
-6.66799	-1.88016e-21
-6.66299	-1.9768e-21
-6.65799	-2.07073e-21
-6.65299	-2.16202e-21
-6.64799	-2.25072e-21
-6.64299	-2.3369e-21
-6.63799	-2.42061e-21
-6.63299	-2.50192e-21
-6.62799	-2.58089e-21
-6.62299	-2.65756e-21
-6.61799	-2.732e-21
-6.61299	-2.80426e-21
-6.60799	-2.87438e-21
-6.60299	-2.94242e-21
-6.59799	-3.00843e-21
-6.59299	-3.07245e-21
-6.58799	-3.13454e-21
-6.58299	-3.19473e-21
-6.57799	-3.25308e-21
-6.57299	-3.30963e-21
-6.56799	-3.36442e-21
-6.56299	-3.41749e-21
-6.55799	-3.46888e-21
-6.55299	-3.51864e-21
-6.54799	-3.56679e-21
-6.54299	-3.61339e-21
-6.53799	-3.65846e-21
-6.53299	-3.70205e-21
-6.52799	-3.74418e-21
-6.52299	-3.78489e-21
-6.51799	-3.82422e-21
-6.51299	-3.8622e-21
-6.50799	-3.89887e-21
-6.50299	-3.93424e-21
-6.49799	-3.96835e-21
-6.49299	-4.00124e-21
-6.48799	-4.03294e-21
-6.48299	-4.06346e-21
-6.47799	-4.09284e-21
-6.47299	-4.12111e-21
-6.46799	-4.14829e-21
-6.46299	-4.17441e-21
-6.45799	-4.19949e-21
-6.45299	-4.22356e-21
-6.44799	-4.24665e-21
-6.44299	-4.26877e-21
-6.43799	-4.28995e-21
-6.43299	-4.31022e-21
-6.42799	-4.32958e-21
-6.42299	-4.34808e-21
-6.41799	-4.36572e-21
-6.41299	-4.38254e-21
-6.40799	-4.39853e-21
-6.40299	-4.41374e-21
-6.39799	-4.42818e-21
-6.39299	-4.44186e-21
-6.38799	-4.4548e-21
-6.38299	-4.46703e-21
-6.37799	-4.47856e-21
-6.37299	-4.4894e-21
-6.36799	-4.49958e-21
-6.36299	-4.5091e-21
-6.35799	-4.51799e-21
-6.35298	-4.52627e-21
-6.34798	-4.53394e-21
-6.34298	-4.54102e-21
-6.33798	-4.54753e-21
-6.33298	-4.55348e-21
-6.32798	-4.55889e-21
-6.32298	-4.56376e-21
-6.31798	-4.56811e-21
-6.31298	-4.57196e-21
-6.30798	-4.57531e-21
-6.30298	-4.57819e-21
-6.29798	-4.58059e-21
-6.29298	-4.58254e-21
-6.28798	-4.58405e-21
-6.28298	-4.58512e-21
-6.27798	-4.58577e-21
-6.27298	-4.586e-21
-6.26798	-4.58584e-21
-6.26298	-4.58528e-21
-6.25798	-4.58435e-21
-6.25298	-4.58304e-21
-6.24798	-4.58137e-21
-6.24298	-4.57935e-21
-6.23798	-4.57699e-21
-6.23298	-4.57429e-21
-6.22798	-4.57127e-21
-6.22298	-4.56794e-21
-6.21798	-4.56429e-21
-6.21298	-4.56035e-21
-6.20798	-4.55611e-21
-6.20298	-4.55159e-21
-6.19798	-4.5468e-21
-6.19298	-4.54174e-21
-6.18798	-4.53641e-21
-6.18298	-4.53083e-21
-6.17798	-4.52501e-21
-6.17298	-4.51895e-21
-6.16798	-4.51265e-21
-6.16298	-4.50612e-21
-6.15798	-4.49938e-21
-6.15298	-4.49242e-21
-6.14798	-4.48525e-21
-6.14298	-4.47788e-21
-6.13798	-4.47032e-21
-6.13298	-4.46257e-21
-6.12798	-4.45463e-21
-6.12298	-4.44651e-21
-6.11798	-4.43821e-21
-6.11298	-4.42975e-21
-6.10798	-4.42113e-21
-6.10298	-4.41234e-21
-6.09798	-4.4034e-21
-6.09298	-4.39431e-21
-6.08798	-4.38508e-21
-6.08298	-4.37571e-21
-6.07798	-4.3662e-21
-6.07298	-4.35657e-21
-6.06798	-4.3468e-21
-6.06298	-4.33691e-21
-6.05798	-4.3269e-21
-6.05298	-4.31678e-21
-6.04798	-4.30655e-21
-6.04298	-4.29621e-21
-6.03798	-4.28577e-21
-6.03298	-4.27523e-21
-6.02798	-4.26459e-21
-6.02298	-4.25385e-21
-6.01798	-4.24303e-21
-6.01298	-4.23212e-21
-6.00798	-4.22113e-21
-6.00298	-4.21006e-21
-5.99798	-4.19892e-21
-5.99298	-4.1877e-21
-5.98798	-4.1764e-21
-5.98298	-4.16504e-21
-5.97798	-4.15362e-21
-5.97298	-4.14213e-21
-5.96798	-4.13058e-21
-5.96298	-4.11898e-21
-5.95798	-4.10732e-21
-5.95298	-4.09561e-21
-5.94798	-4.08385e-21
-5.94298	-4.07204e-21
-5.93798	-4.06018e-21
-5.93298	-4.04829e-21
-5.92798	-4.03635e-21
-5.92298	-4.02437e-21
-5.91797	-4.01236e-21
-5.91297	-4.00032e-21
-5.90797	-3.98824e-21
-5.90297	-3.97613e-21
-5.89797	-3.96399e-21
-5.89297	-3.95183e-21
-5.88797	-3.93964e-21
-5.88297	-3.92743e-21
-5.87797	-3.91519e-21
-5.87297	-3.90294e-21
-5.86797	-3.89067e-21
-5.86297	-3.87838e-21
-5.85797	-3.86608e-21
-5.85297	-3.85377e-21
-5.84797	-3.84144e-21
-5.84297	-3.82911e-21
-5.83797	-3.81676e-21
-5.83297	-3.80441e-21
-5.82797	-3.79205e-21
-5.82297	-3.77968e-21
-5.81797	-3.76732e-21
-5.81297	-3.75495e-21
-5.80797	-3.74258e-21
-5.80297	-3.73021e-21
-5.79797	-3.71784e-21
-5.79297	-3.70547e-21
-5.78797	-3.69311e-21
-5.78297	-3.68075e-21
-5.77797	-3.6684e-21
-5.77297	-3.65606e-21
-5.76797	-3.64372e-21
-5.76297	-3.63139e-21
-5.75797	-3.61907e-21
-5.75297	-3.60676e-21
-5.74797	-3.59447e-21
-5.74297	-3.58218e-21
-5.73797	-3.56991e-21
-5.73297	-3.55765e-21
-5.72797	-3.54541e-21
-5.72297	-3.53318e-21
-5.71797	-3.52097e-21
-5.71297	-3.50878e-21
-5.70797	-3.49661e-21
-5.70297	-3.48445e-21
-5.69797	-3.47231e-21
-5.69297	-3.46019e-21
-5.68797	-3.4481e-21
-5.68297	-3.43602e-21
-5.67797	-3.42397e-21
-5.67297	-3.41194e-21
-5.66797	-3.39993e-21
-5.66297	-3.38794e-21
-5.65797	-3.37598e-21
-5.65297	-3.36405e-21
-5.64797	-3.35214e-21
-5.64297	-3.34025e-21
-5.63797	-3.32839e-21
-5.63297	-3.31656e-21
-5.62797	-3.30475e-21
-5.62297	-3.29297e-21
-5.61797	-3.28122e-21
-5.61297	-3.2695e-21
-5.60797	-3.25781e-21
-5.60297	-3.24615e-21
-5.59797	-3.23451e-21
-5.59297	-3.22291e-21
-5.58797	-3.21133e-21
-5.58297	-3.19979e-21
-5.57797	-3.18827e-21
-5.57297	-3.17679e-21
-5.56797	-3.16534e-21
-5.56297	-3.15392e-21
-5.55797	-3.14253e-21
-5.55297	-3.13118e-21
-5.54797	-3.11986e-21
-5.54297	-3.10857e-21
-5.53797	-3.09731e-21
-5.53297	-3.08609e-21
-5.52797	-3.0749e-21
-5.52297	-3.06374e-21
-5.51797	-3.05262e-21
-5.51297	-3.04153e-21
-5.50797	-3.03048e-21
-5.50297	-3.01946e-21
-5.49797	-3.00848e-21
-5.49297	-2.99753e-21
-5.48797	-2.98661e-21
-5.48296	-2.97573e-21
-5.47796	-2.96489e-21
-5.47296	-2.95408e-21
-5.46796	-2.94331e-21
-5.46296	-2.93257e-21
-5.45796	-2.92187e-21
-5.45296	-2.91121e-21
-5.44796	-2.90058e-21
-5.44296	-2.88998e-21
-5.43796	-2.87943e-21
-5.43296	-2.86891e-21
-5.42796	-2.85842e-21
-5.42296	-2.84797e-21
-5.41796	-2.83756e-21
-5.41296	-2.82719e-21
-5.40796	-2.81685e-21
-5.40296	-2.80655e-21
-5.39796	-2.79628e-21
-5.39296	-2.78606e-21
-5.38796	-2.77587e-21
-5.38296	-2.76571e-21
-5.37796	-2.7556e-21
-5.37296	-2.74552e-21
-5.36796	-2.73547e-21
-5.36296	-2.72547e-21
-5.35796	-2.7155e-21
-5.35296	-2.70557e-21
-5.34796	-2.69567e-21
-5.34296	-2.68581e-21
-5.33796	-2.67599e-21
-5.33296	-2.66621e-21
-5.32796	-2.65646e-21
-5.32296	-2.64675e-21
-5.31796	-2.63708e-21
-5.31296	-2.62744e-21
-5.30796	-2.61784e-21
-5.30296	-2.60828e-21
-5.29796	-2.59876e-21
-5.29296	-2.58927e-21
-5.28796	-2.57982e-21
-5.28296	-2.5704e-21
-5.27796	-2.56102e-21
-5.27296	-2.55168e-21
-5.26796	-2.54238e-21
-5.26296	-2.53311e-21
-5.25796	-2.52388e-21
-5.25296	-2.51468e-21
-5.24796	-2.50552e-21
-5.24296	-2.4964e-21
-5.23796	-2.48732e-21
-5.23296	-2.47827e-21
-5.22796	-2.46925e-21
-5.22296	-2.46028e-21
-5.21796	-2.45134e-21
-5.21296	-2.44243e-21
-5.20796	-2.43356e-21
-5.20296	-2.42473e-21
-5.19796	-2.41593e-21
-5.19296	-2.40717e-21
-5.18796	-2.39844e-21
-5.18296	-2.38975e-21
-5.17796	-2.3811e-21
-5.17296	-2.37248e-21
-5.16796	-2.3639e-21
-5.16296	-2.35535e-21
-5.15796	-2.34683e-21
-5.15296	-2.33835e-21
-5.14796	-2.32991e-21
-5.14296	-2.3215e-21
-5.13796	-2.31313e-21
-5.13296	-2.30479e-21
-5.12796	-2.29648e-21
-5.12296	-2.28821e-21
-5.11796	-2.27998e-21
-5.11296	-2.27178e-21
-5.10796	-2.26361e-21
-5.10296	-2.25548e-21
-5.09796	-2.24738e-21
-5.09296	-2.23931e-21
-5.08796	-2.23128e-21
-5.08296	-2.22328e-21
-5.07796	-2.21532e-21
-5.07296	-2.20739e-21
-5.06796	-2.19949e-21
-5.06296	-2.19163e-21
-5.05796	-2.1838e-21
-5.05296	-2.176e-21
-5.04796	-2.16823e-21
-5.04295	-2.1605e-21
-5.03795	-2.1528e-21
-5.03295	-2.14514e-21
-5.02795	-2.1375e-21
-5.02295	-2.1299e-21
-5.01795	-2.12233e-21
-5.01295	-2.1148e-21
-5.00795	-2.10729e-21
-5.00295	-2.09982e-21
-4.99795	-2.09238e-21
-4.99295	-2.08497e-21
-4.98795	-2.07759e-21
-4.98295	-2.07025e-21
-4.97795	-2.06293e-21
-4.97295	-2.05565e-21
-4.96795	-2.0484e-21
-4.96295	-2.04118e-21
-4.95795	-2.03399e-21
-4.95295	-2.02683e-21
-4.94795	-2.0197e-21
-4.94295	-2.0126e-21
-4.93795	-2.00554e-21
-4.93295	-1.9985e-21
-4.92795	-1.99149e-21
-4.92295	-1.98452e-21
-4.91795	-1.97757e-21
-4.91295	-1.97066e-21
-4.90795	-1.96377e-21
-4.90295	-1.95691e-21
-4.89795	-1.95009e-21
-4.89295	-1.94329e-21
-4.88795	-1.93652e-21
-4.88295	-1.92978e-21
-4.87795	-1.92307e-21
-4.87295	-1.91639e-21
-4.86795	-1.90974e-21
-4.86295	-1.90312e-21
-4.85795	-1.89652e-21
-4.85295	-1.88996e-21
-4.84795	-1.88342e-21
-4.84295	-1.87691e-21
-4.83795	-1.87043e-21
-4.83295	-1.86398e-21
-4.82795	-1.85755e-21
-4.82295	-1.85115e-21
-4.81795	-1.84478e-21
-4.81295	-1.83844e-21
-4.80795	-1.83213e-21
-4.80295	-1.82584e-21
-4.79795	-1.81958e-21
-4.79295	-1.81335e-21
-4.78795	-1.80714e-21
-4.78295	-1.80097e-21
-4.77795	-1.79481e-21
-4.77295	-1.78869e-21
-4.76795	-1.78259e-21
-4.76295	-1.77652e-21
-4.75795	-1.77047e-21
-4.75295	-1.76446e-21
-4.74795	-1.75846e-21
-4.74295	-1.7525e-21
-4.73795	-1.74655e-21
-4.73295	-1.74064e-21
-4.72795	-1.73475e-21
-4.72295	-1.72889e-21
-4.71795	-1.72305e-21
-4.71295	-1.71723e-21
-4.70795	-1.71145e-21
-4.70295	-1.70568e-21
-4.69795	-1.69995e-21
-4.69295	-1.69423e-21
-4.68795	-1.68855e-21
-4.68295	-1.68288e-21
-4.67795	-1.67724e-21
-4.67295	-1.67163e-21
-4.66795	-1.66604e-21
-4.66295	-1.66047e-21
-4.65795	-1.65493e-21
-4.65295	-1.64941e-21
-4.64795	-1.64392e-21
-4.64295	-1.63845e-21
-4.63795	-1.63301e-21
-4.63295	-1.62758e-21
-4.62795	-1.62219e-21
-4.62295	-1.61681e-21
-4.61795	-1.61146e-21
-4.61295	-1.60613e-21
-4.60794	-1.60082e-21
-4.60294	-1.59554e-21
-4.59794	-1.59028e-21
-4.59294	-1.58504e-21
-4.58794	-1.57983e-21
-4.58294	-1.57464e-21
-4.57794	-1.56947e-21
-4.57294	-1.56432e-21
-4.56794	-1.5592e-21
-4.56294	-1.5541e-21
-4.55794	-1.54901e-21
-4.55294	-1.54396e-21
-4.54794	-1.53892e-21
-4.54294	-1.53391e-21
-4.53794	-1.52891e-21
-4.53294	-1.52394e-21
-4.52794	-1.51899e-21
-4.52294	-1.51406e-21
-4.51794	-1.50916e-21
-4.51294	-1.50427e-21
-4.50794	-1.4994e-21
-4.50294	-1.49456e-21
-4.49794	-1.48974e-21
-4.49294	-1.48493e-21
-4.48794	-1.48015e-21
-4.48294	-1.47539e-21
-4.47794	-1.47065e-21
-4.47294	-1.46593e-21
-4.46794	-1.46123e-21
-4.46294	-1.45655e-21
-4.45794	-1.45189e-21
-4.45294	-1.44725e-21
-4.44794	-1.44263e-21
-4.44294	-1.43803e-21
-4.43794	-1.43345e-21
-4.43294	-1.42889e-21
-4.42794	-1.42435e-21
-4.42294	-1.41983e-21
-4.41794	-1.41533e-21
-4.41294	-1.41085e-21
-4.40794	-1.40639e-21
-4.40294	-1.40194e-21
-4.39794	-1.39752e-21
-4.39294	-1.39311e-21
-4.38794	-1.38872e-21
-4.38294	-1.38436e-21
-4.37794	-1.38001e-21
-4.37294	-1.37568e-21
-4.36794	-1.37136e-21
-4.36294	-1.36707e-21
-4.35794	-1.36279e-21
-4.35294	-1.35854e-21
-4.34794	-1.3543e-21
-4.34294	-1.35008e-21
-4.33794	-1.34587e-21
-4.33294	-1.34169e-21
-4.32794	-1.33752e-21
-4.32294	-1.33337e-21
-4.31794	-1.32924e-21
-4.31294	-1.32512e-21
-4.30794	-1.32103e-21
-4.30294	-1.31695e-21
-4.29794	-1.31289e-21
-4.29294	-1.30884e-21
-4.28794	-1.30481e-21
-4.28294	-1.3008e-21
-4.27794	-1.29681e-21
-4.27294	-1.29283e-21
-4.26794	-1.28887e-21
-4.26294	-1.28493e-21
-4.25794	-1.281e-21
-4.25294	-1.27709e-21
-4.24794	-1.2732e-21
-4.24294	-1.26932e-21
-4.23794	-1.26546e-21
-4.23294	-1.26162e-21
-4.22794	-1.25779e-21
-4.22294	-1.25398e-21
-4.21794	-1.25019e-21
-4.21294	-1.24641e-21
-4.20794	-1.24264e-21
-4.20294	-1.2389e-21
-4.19794	-1.23517e-21
-4.19294	-1.23145e-21
-4.18794	-1.22775e-21
-4.18294	-1.22406e-21
-4.17794	-1.22039e-21
-4.17294	-1.21674e-21
-4.16793	-1.2131e-21
-4.16293	-1.20948e-21
-4.15793	-1.20587e-21
-4.15293	-1.20228e-21
-4.14793	-1.1987e-21
-4.14293	-1.19514e-21
-4.13793	-1.19159e-21
-4.13293	-1.18806e-21
-4.12793	-1.18454e-21
-4.12293	-1.18104e-21
-4.11793	-1.17755e-21
-4.11293	-1.17407e-21
-4.10793	-1.17061e-21
-4.10293	-1.16717e-21
-4.09793	-1.16374e-21
-4.09293	-1.16032e-21
-4.08793	-1.15692e-21
-4.08293	-1.15353e-21
-4.07793	-1.15016e-21
-4.07293	-1.1468e-21
-4.06793	-1.14345e-21
-4.06293	-1.14012e-21
-4.05793	-1.1368e-21
-4.05293	-1.1335e-21
-4.04793	-1.13021e-21
-4.04293	-1.12693e-21
-4.03793	-1.12367e-21
-4.03293	-1.12042e-21
-4.02793	-1.11718e-21
-4.02293	-1.11396e-21
-4.01793	-1.11075e-21
-4.01293	-1.10755e-21
-4.00793	-1.10437e-21
-4.00293	-1.1012e-21
-3.99793	-1.09804e-21
-3.99293	-1.0949e-21
-3.98793	-1.09177e-21
-3.98293	-1.08865e-21
-3.97793	-1.08555e-21
-3.97293	-1.08245e-21
-3.96793	-1.07938e-21
-3.96293	-1.07631e-21
-3.95793	-1.07325e-21
-3.95293	-1.07021e-21
-3.94793	-1.06718e-21
-3.94293	-1.06417e-21
-3.93793	-1.06116e-21
-3.93293	-1.05817e-21
-3.92793	-1.05519e-21
-3.92293	-1.05223e-21
-3.91793	-1.04927e-21
-3.91293	-1.04633e-21
-3.90793	-1.0434e-21
-3.90293	-1.04048e-21
-3.89793	-1.03757e-21
-3.89293	-1.03468e-21
-3.88793	-1.03179e-21
-3.88293	-1.02892e-21
-3.87793	-1.02606e-21
-3.87293	-1.02321e-21
-3.86793	-1.02038e-21
-3.86293	-1.01755e-21
-3.85793	-1.01474e-21
-3.85293	-1.01194e-21
-3.84793	-1.00915e-21
-3.84293	-1.00637e-21
-3.83793	-1.0036e-21
-3.83293	-1.00084e-21
-3.82793	-9.98098e-22
-3.82293	-9.95364e-22
-3.81793	-9.92641e-22
-3.81293	-9.89929e-22
-3.80793	-9.87228e-22
-3.80293	-9.84538e-22
-3.79793	-9.81859e-22
-3.79293	-9.7919e-22
-3.78793	-9.76533e-22
-3.78293	-9.73886e-22
-3.77793	-9.7125e-22
-3.77293	-9.68625e-22
-3.76793	-9.6601e-22
-3.76293	-9.63406e-22
-3.75793	-9.60812e-22
-3.75293	-9.58229e-22
-3.74793	-9.55656e-22
-3.74293	-9.53093e-22
-3.73793	-9.50541e-22
-3.73292	-9.47999e-22
-3.72792	-9.45468e-22
-3.72292	-9.42946e-22
-3.71792	-9.40435e-22
-3.71292	-9.37933e-22
-3.70792	-9.35442e-22
-3.70292	-9.32961e-22
-3.69792	-9.3049e-22
-3.69292	-9.28028e-22
-3.68792	-9.25577e-22
-3.68292	-9.23135e-22
-3.67792	-9.20703e-22
-3.67292	-9.18281e-22
-3.66792	-9.15868e-22
-3.66292	-9.13466e-22
-3.65792	-9.11072e-22
-3.65292	-9.08689e-22
-3.64792	-9.06314e-22
-3.64292	-9.0395e-22
-3.63792	-9.01594e-22
-3.63292	-8.99248e-22
-3.62792	-8.96912e-22
-3.62292	-8.94585e-22
-3.61792	-8.92267e-22
-3.61292	-8.89958e-22
-3.60792	-8.87658e-22
-3.60292	-8.85368e-22
-3.59792	-8.83086e-22
-3.59292	-8.80814e-22
-3.58792	-8.78551e-22
-3.58292	-8.76296e-22
-3.57792	-8.74051e-22
-3.57292	-8.71815e-22
-3.56792	-8.69587e-22
-3.56292	-8.67368e-22
-3.55792	-8.65158e-22
-3.55292	-8.62957e-22
-3.54792	-8.60764e-22
-3.54292	-8.5858e-22
-3.53792	-8.56405e-22
-3.53292	-8.54238e-22
-3.52792	-8.5208e-22
-3.52292	-8.4993e-22
-3.51792	-8.47789e-22
-3.51292	-8.45656e-22
-3.50792	-8.43532e-22
-3.50292	-8.41416e-22
-3.49792	-8.39308e-22
-3.49292	-8.37209e-22
-3.48792	-8.35118e-22
-3.48292	-8.33035e-22
-3.47792	-8.3096e-22
-3.47292	-8.28894e-22
-3.46792	-8.26835e-22
-3.46292	-8.24785e-22
-3.45792	-8.22742e-22
-3.45292	-8.20708e-22
-3.44792	-8.18682e-22
-3.44292	-8.16663e-22
-3.43792	-8.14652e-22
-3.43292	-8.1265e-22
-3.42792	-8.10655e-22
-3.42292	-8.08668e-22
-3.41792	-8.06688e-22
-3.41292	-8.04717e-22
-3.40792	-8.02753e-22
-3.40292	-8.00797e-22
-3.39792	-7.98848e-22
-3.39292	-7.96907e-22
-3.38792	-7.94973e-22
-3.38292	-7.93047e-22
-3.37792	-7.91129e-22
-3.37292	-7.89218e-22
-3.36792	-7.87314e-22
-3.36292	-7.85418e-22
-3.35792	-7.83529e-22
-3.35292	-7.81648e-22
-3.34792	-7.79774e-22
-3.34292	-7.77907e-22
-3.33792	-7.76047e-22
-3.33292	-7.74195e-22
-3.32792	-7.7235e-22
-3.32292	-7.70511e-22
-3.31792	-7.6868e-22
-3.31292	-7.66857e-22
-3.30792	-7.6504e-22
-3.30292	-7.6323e-22
-3.29791	-7.61427e-22
-3.29291	-7.59631e-22
-3.28791	-7.57842e-22
-3.28291	-7.5606e-22
-3.27791	-7.54285e-22
-3.27291	-7.52517e-22
-3.26791	-7.50755e-22
-3.26291	-7.49001e-22
-3.25791	-7.47253e-22
-3.25291	-7.45511e-22
-3.24791	-7.43777e-22
-3.24291	-7.42049e-22
-3.23791	-7.40328e-22
-3.23291	-7.38613e-22
-3.22791	-7.36905e-22
-3.22291	-7.35204e-22
-3.21791	-7.33509e-22
-3.21291	-7.31821e-22
-3.20791	-7.30139e-22
-3.20291	-7.28463e-22
-3.19791	-7.26794e-22
-3.19291	-7.25132e-22
-3.18791	-7.23476e-22
-3.18291	-7.21826e-22
-3.17791	-7.20182e-22
-3.17291	-7.18545e-22
-3.16791	-7.16914e-22
-3.16291	-7.15289e-22
-3.15791	-7.13671e-22
-3.15291	-7.12058e-22
-3.14791	-7.10452e-22
-3.14291	-7.08852e-22
-3.13791	-7.07258e-22
-3.13291	-7.0567e-22
-3.12791	-7.04088e-22
-3.12291	-7.02513e-22
-3.11791	-7.00943e-22
-3.11291	-6.99379e-22
-3.10791	-6.97821e-22
-3.10291	-6.96269e-22
-3.09791	-6.94723e-22
-3.09291	-6.93183e-22
-3.08791	-6.91649e-22
-3.08291	-6.90121e-22
-3.07791	-6.88598e-22
-3.07291	-6.87081e-22
-3.06791	-6.8557e-22
-3.06291	-6.84065e-22
-3.05791	-6.82565e-22
-3.05291	-6.81072e-22
-3.04791	-6.79583e-22
-3.04291	-6.78101e-22
-3.03791	-6.76624e-22
-3.03291	-6.75153e-22
-3.02791	-6.73687e-22
-3.02291	-6.72227e-22
-3.01791	-6.70772e-22
-3.01291	-6.69323e-22
-3.00791	-6.67879e-22
-3.00291	-6.66441e-22
-2.99791	-6.65008e-22
-2.99291	-6.63581e-22
-2.98791	-6.62159e-22
-2.98291	-6.60743e-22
-2.97791	-6.59331e-22
-2.97291	-6.57926e-22
-2.96791	-6.56525e-22
-2.96291	-6.5513e-22
-2.95791	-6.5374e-22
-2.95291	-6.52355e-22
-2.94791	-6.50976e-22
-2.94291	-6.49601e-22
-2.93791	-6.48232e-22
-2.93291	-6.46868e-22
-2.92791	-6.4551e-22
-2.92291	-6.44156e-22
-2.91791	-6.42807e-22
-2.91291	-6.41464e-22
-2.90791	-6.40125e-22
-2.90291	-6.38792e-22
-2.89791	-6.37464e-22
-2.89291	-6.3614e-22
-2.88791	-6.34822e-22
-2.88291	-6.33509e-22
-2.87791	-6.322e-22
-2.87291	-6.30897e-22
-2.86791	-6.29598e-22
-2.86291	-6.28304e-22
-2.8579	-6.27015e-22
-2.8529	-6.25731e-22
-2.8479	-6.24452e-22
-2.8429	-6.23178e-22
-2.8379	-6.21908e-22
-2.8329	-6.20643e-22
-2.8279	-6.19383e-22
-2.8229	-6.18128e-22
-2.8179	-6.16877e-22
-2.8129	-6.15631e-22
-2.8079	-6.1439e-22
-2.8029	-6.13153e-22
-2.7979	-6.11921e-22
-2.7929	-6.10694e-22
-2.7879	-6.09471e-22
-2.7829	-6.08253e-22
-2.7779	-6.0704e-22
-2.7729	-6.05831e-22
-2.7679	-6.04626e-22
-2.7629	-6.03426e-22
-2.7579	-6.02231e-22
-2.7529	-6.0104e-22
-2.7479	-5.99853e-22
-2.7429	-5.98671e-22
-2.7379	-5.97493e-22
-2.7329	-5.9632e-22
-2.7279	-5.95151e-22
-2.7229	-5.93987e-22
-2.7179	-5.92826e-22
-2.7129	-5.91671e-22
-2.7079	-5.90519e-22
-2.7029	-5.89372e-22
-2.6979	-5.88229e-22
-2.6929	-5.87091e-22
-2.6879	-5.85956e-22
-2.6829	-5.84826e-22
-2.6779	-5.837e-22
-2.6729	-5.82579e-22
-2.6679	-5.81461e-22
-2.6629	-5.80348e-22
-2.6579	-5.79239e-22
-2.6529	-5.78134e-22
-2.6479	-5.77033e-22
-2.6429	-5.75936e-22
-2.6379	-5.74844e-22
-2.6329	-5.73755e-22
-2.6279	-5.72671e-22
-2.6229	-5.7159e-22
-2.6179	-5.70514e-22
-2.6129	-5.69442e-22
-2.6079	-5.68373e-22
-2.6029	-5.67309e-22
-2.5979	-5.66249e-22
-2.5929	-5.65192e-22
-2.5879	-5.6414e-22
-2.5829	-5.63092e-22
-2.5779	-5.62047e-22
-2.5729	-5.61006e-22
-2.5679	-5.5997e-22
-2.5629	-5.58937e-22
-2.5579	-5.57908e-22
-2.5529	-5.56882e-22
-2.5479	-5.55861e-22
-2.5429	-5.54843e-22
-2.5379	-5.5383e-22
-2.5329	-5.5282e-22
-2.5279	-5.51814e-22
-2.5229	-5.50811e-22
-2.5179	-5.49813e-22
-2.5129	-5.48818e-22
-2.5079	-5.47826e-22
-2.5029	-5.46839e-22
-2.4979	-5.45855e-22
-2.4929	-5.44875e-22
-2.4879	-5.43899e-22
-2.4829	-5.42926e-22
-2.4779	-5.41957e-22
-2.4729	-5.40991e-22
-2.4679	-5.40029e-22
-2.4629	-5.39071e-22
-2.4579	-5.38116e-22
-2.4529	-5.37165e-22
-2.4479	-5.36218e-22
-2.4429	-5.35273e-22
-2.4379	-5.34333e-22
-2.4329	-5.33396e-22
-2.4279	-5.32463e-22
-2.42289	-5.31533e-22
-2.41789	-5.30606e-22
-2.41289	-5.29683e-22
-2.40789	-5.28764e-22
-2.40289	-5.27847e-22
-2.39789	-5.26935e-22
-2.39289	-5.26026e-22
-2.38789	-5.2512e-22
-2.38289	-5.24217e-22
-2.37789	-5.23318e-22
-2.37289	-5.22423e-22
-2.36789	-5.2153e-22
-2.36289	-5.20641e-22
-2.35789	-5.19756e-22
-2.35289	-5.18873e-22
-2.34789	-5.17994e-22
-2.34289	-5.17119e-22
-2.33789	-5.16246e-22
-2.33289	-5.15377e-22
-2.32789	-5.14511e-22
-2.32289	-5.13649e-22
-2.31789	-5.1279e-22
-2.31289	-5.11933e-22
-2.30789	-5.11081e-22
-2.30289	-5.10231e-22
-2.29789	-5.09384e-22
-2.29289	-5.08541e-22
-2.28789	-5.07701e-22
-2.28289	-5.06864e-22
-2.27789	-5.0603e-22
-2.27289	-5.052e-22
-2.26789	-5.04372e-22
-2.26289	-5.03548e-22
-2.25789	-5.02727e-22
-2.25289	-5.01909e-22
-2.24789	-5.01093e-22
-2.24289	-5.00281e-22
-2.23789	-4.99473e-22
-2.23289	-4.98667e-22
-2.22789	-4.97864e-22
-2.22289	-4.97064e-22
-2.21789	-4.96267e-22
-2.21289	-4.95474e-22
-2.20789	-4.94683e-22
-2.20289	-4.93895e-22
-2.19789	-4.93111e-22
-2.19289	-4.92329e-22
-2.18789	-4.9155e-22
-2.18289	-4.90774e-22
-2.17789	-4.90001e-22
-2.17289	-4.89231e-22
-2.16789	-4.88464e-22
-2.16289	-4.877e-22
-2.15789	-4.86939e-22
-2.15289	-4.86181e-22
-2.14789	-4.85425e-22
-2.14289	-4.84673e-22
-2.13789	-4.83923e-22
-2.13289	-4.83177e-22
-2.12789	-4.82433e-22
-2.12289	-4.81691e-22
-2.11789	-4.80953e-22
-2.11289	-4.80218e-22
-2.10789	-4.79485e-22
-2.10289	-4.78755e-22
-2.09789	-4.78028e-22
-2.09289	-4.77304e-22
-2.08789	-4.76583e-22
-2.08289	-4.75864e-22
-2.07789	-4.75148e-22
-2.07289	-4.74435e-22
-2.06789	-4.73724e-22
-2.06289	-4.73016e-22
-2.05789	-4.72311e-22
-2.05289	-4.71609e-22
-2.04789	-4.70909e-22
-2.04289	-4.70213e-22
-2.03789	-4.69518e-22
-2.03289	-4.68827e-22
-2.02789	-4.68138e-22
-2.02289	-4.67452e-22
-2.01789	-4.66768e-22
-2.01289	-4.66087e-22
-2.00789	-4.65409e-22
-2.00289	-4.64733e-22
-1.99789	-4.6406e-22
-1.99289	-4.6339e-22
-1.98789	-4.62722e-22
-1.98289	-4.62057e-22
-1.97789	-4.61394e-22
-1.97289	-4.60734e-22
-1.96789	-4.60077e-22
-1.96289	-4.59422e-22
-1.95789	-4.58769e-22
-1.95289	-4.58119e-22
-1.94789	-4.57472e-22
-1.94289	-4.56827e-22
-1.93789	-4.56185e-22
-1.93289	-4.55545e-22
-1.92789	-4.54908e-22
-1.92289	-4.54273e-22
-1.91789	-4.53641e-22
-1.91289	-4.53011e-22
-1.90789	-4.52384e-22
-1.90289	-4.51759e-22
-1.89789	-4.51137e-22
-1.89289	-4.50517e-22
-1.88789	-4.49899e-22
-1.88289	-4.49284e-22
-1.87789	-4.48671e-22
-1.87289	-4.48061e-22
-1.86789	-4.47453e-22
-1.86289	-4.46848e-22
-1.85789	-4.46245e-22
-1.85289	-4.45644e-22
-1.84789	-4.45046e-22
-1.84289	-4.4445e-22
-1.83789	-4.43857e-22
-1.83289	-4.43266e-22
-1.82789	-4.42677e-22
-1.82289	-4.42091e-22
-1.81789	-4.41506e-22
-1.81289	-4.40925e-22
-1.80789	-4.40345e-22
-1.80289	-4.39768e-22
-1.79789	-4.39193e-22
-1.79289	-4.38621e-22
-1.78789	-4.38051e-22
-1.78289	-4.37483e-22
-1.77789	-4.36917e-22
-1.77289	-4.36354e-22
-1.76789	-4.35793e-22
-1.76289	-4.35234e-22
-1.75789	-4.34677e-22
-1.75289	-4.34123e-22
-1.74789	-4.33571e-22
-1.74289	-4.33021e-22
-1.73789	-4.32474e-22
-1.73289	-4.31928e-22
-1.72789	-4.31385e-22
-1.72289	-4.30844e-22
-1.71789	-4.30306e-22
-1.71289	-4.29769e-22
-1.70789	-4.29235e-22
-1.70289	-4.28703e-22
-1.69789	-4.28173e-22
-1.69289	-4.27645e-22
-1.68789	-4.2712e-22
-1.68289	-4.26596e-22
-1.67789	-4.26075e-22
-1.67289	-4.25556e-22
-1.66789	-4.25039e-22
-1.66289	-4.24524e-22
-1.65789	-4.24011e-22
-1.65289	-4.23501e-22
-1.64789	-4.22992e-22
-1.64289	-4.22486e-22
-1.63789	-4.21981e-22
-1.63289	-4.21479e-22
-1.62789	-4.20979e-22
-1.62289	-4.20481e-22
-1.61789	-4.19985e-22
-1.61289	-4.19492e-22
-1.60789	-4.19e-22
-1.60289	-4.1851e-22
-1.59789	-4.18023e-22
-1.59289	-4.17537e-22
-1.58789	-4.17054e-22
-1.58289	-4.16572e-22
-1.57789	-4.16093e-22
-1.57289	-4.15615e-22
-1.56789	-4.1514e-22
-1.56289	-4.14667e-22
-1.55789	-4.14195e-22
-1.55289	-4.13726e-22
-1.54789	-4.13259e-22
-1.54289	-4.12794e-22
-1.53789	-4.1233e-22
-1.53289	-4.11869e-22
-1.52789	-4.1141e-22
-1.52289	-4.10952e-22
-1.51789	-4.10497e-22
-1.51289	-4.10044e-22
-1.50789	-4.09592e-22
-1.50289	-4.09143e-22
-1.49789	-4.08695e-22
-1.49289	-4.0825e-22
-1.48789	-4.07806e-22
-1.48289	-4.07364e-22
-1.47789	-4.06925e-22
-1.47289	-4.06487e-22
-1.46789	-4.06051e-22
-1.46289	-4.05617e-22
-1.45789	-4.05185e-22
-1.45289	-4.04755e-22
-1.44789	-4.04327e-22
-1.44289	-4.039e-22
-1.43789	-4.03476e-22
-1.43289	-4.03053e-22
-1.42789	-4.02633e-22
-1.42289	-4.02214e-22
-1.41789	-4.01797e-22
-1.41289	-4.01382e-22
-1.40789	-4.00969e-22
-1.40289	-4.00557e-22
-1.39789	-4.00148e-22
-1.39289	-3.9974e-22
-1.38789	-3.99334e-22
-1.38289	-3.98931e-22
-1.37789	-3.98528e-22
-1.37289	-3.98128e-22
-1.36789	-3.9773e-22
-1.36289	-3.97333e-22
-1.35789	-3.96938e-22
-1.35289	-3.96545e-22
-1.34789	-3.96154e-22
-1.34289	-3.95765e-22
-1.33789	-3.95377e-22
-1.33289	-3.94992e-22
-1.32789	-3.94608e-22
-1.32289	-3.94226e-22
-1.31789	-3.93845e-22
-1.31289	-3.93467e-22
-1.30789	-3.9309e-22
-1.30289	-3.92715e-22
-1.29789	-3.92341e-22
-1.29289	-3.9197e-22
-1.28789	-3.916e-22
-1.28289	-3.91232e-22
-1.27789	-3.90866e-22
-1.27289	-3.90502e-22
-1.26789	-3.90139e-22
-1.26289	-3.89778e-22
-1.25789	-3.89419e-22
-1.25289	-3.89061e-22
-1.24789	-3.88705e-22
-1.24289	-3.88351e-22
-1.23789	-3.87999e-22
-1.23289	-3.87648e-22
-1.22789	-3.87299e-22
-1.22289	-3.86952e-22
-1.21789	-3.86606e-22
-1.21289	-3.86263e-22
-1.20789	-3.85921e-22
-1.20289	-3.8558e-22
-1.19789	-3.85241e-22
-1.19289	-3.84904e-22
-1.18789	-3.84569e-22
-1.18289	-3.84235e-22
-1.17789	-3.83903e-22
-1.17289	-3.83573e-22
-1.16789	-3.83244e-22
-1.16289	-3.82917e-22
-1.15789	-3.82592e-22
-1.15289	-3.82268e-22
-1.14789	-3.81946e-22
-1.14289	-3.81626e-22
-1.13789	-3.81307e-22
-1.13289	-3.8099e-22
-1.12789	-3.80675e-22
-1.12289	-3.80361e-22
-1.11789	-3.80049e-22
-1.11289	-3.79738e-22
-1.10789	-3.79429e-22
-1.10289	-3.79122e-22
-1.09789	-3.78816e-22
-1.09289	-3.78512e-22
-1.08789	-3.7821e-22
-1.08289	-3.77909e-22
-1.07789	-3.7761e-22
-1.07289	-3.77312e-22
-1.06789	-3.77016e-22
-1.06289	-3.76722e-22
-1.05789	-3.76429e-22
-1.05289	-3.76137e-22
-1.04789	-3.75848e-22
-1.04289	-3.7556e-22
-1.03789	-3.75273e-22
-1.03289	-3.74988e-22
-1.02789	-3.74705e-22
-1.02289	-3.74423e-22
-1.01789	-3.74143e-22
-1.01289	-3.73864e-22
-1.00789	-3.73587e-22
-1.00289	-3.73312e-22
-0.997886	-3.73038e-22
-0.992886	-3.72765e-22
-0.987886	-3.72495e-22
-0.982886	-3.72225e-22
-0.977886	-3.71958e-22
-0.972886	-3.71691e-22
-0.967886	-3.71427e-22
-0.962886	-3.71164e-22
-0.957886	-3.70902e-22
-0.952886	-3.70642e-22
-0.947886	-3.70383e-22
-0.942886	-3.70126e-22
-0.937886	-3.69871e-22
-0.932886	-3.69617e-22
-0.927886	-3.69365e-22
-0.922886	-3.69114e-22
-0.917886	-3.68864e-22
-0.912886	-3.68616e-22
-0.907886	-3.6837e-22
-0.902886	-3.68125e-22
-0.897886	-3.67882e-22
-0.892886	-3.6764e-22
-0.887886	-3.67399e-22
-0.882886	-3.6716e-22
-0.877886	-3.66923e-22
-0.872886	-3.66687e-22
-0.867886	-3.66453e-22
-0.862886	-3.6622e-22
-0.857886	-3.65988e-22
-0.852886	-3.65758e-22
-0.847886	-3.6553e-22
-0.842886	-3.65303e-22
-0.837886	-3.65077e-22
-0.832886	-3.64853e-22
-0.827886	-3.6463e-22
-0.822886	-3.64409e-22
-0.817886	-3.64189e-22
-0.812886	-3.63971e-22
-0.807886	-3.63754e-22
-0.802886	-3.63539e-22
-0.797886	-3.63325e-22
-0.792886	-3.63113e-22
-0.787887	-3.62902e-22
-0.782887	-3.62692e-22
-0.777887	-3.62484e-22
-0.772887	-3.62278e-22
-0.767887	-3.62072e-22
-0.762887	-3.61869e-22
-0.757887	-3.61666e-22
-0.752887	-3.61465e-22
-0.747887	-3.61266e-22
-0.742887	-3.61068e-22
-0.737887	-3.60871e-22
-0.732887	-3.60676e-22
-0.727887	-3.60482e-22
-0.722887	-3.6029e-22
-0.717887	-3.60099e-22
-0.712887	-3.5991e-22
-0.707887	-3.59722e-22
-0.702887	-3.59535e-22
-0.697887	-3.5935e-22
-0.692887	-3.59166e-22
-0.687887	-3.58983e-22
-0.682887	-3.58802e-22
-0.677887	-3.58623e-22
-0.672887	-3.58444e-22
-0.667887	-3.58268e-22
-0.662887	-3.58092e-22
-0.657887	-3.57918e-22
-0.652887	-3.57746e-22
-0.647887	-3.57574e-22
-0.642887	-3.57404e-22
-0.637887	-3.57236e-22
-0.632887	-3.57069e-22
-0.627887	-3.56903e-22
-0.622887	-3.56739e-22
-0.617887	-3.56576e-22
-0.612887	-3.56414e-22
-0.607887	-3.56254e-22
-0.602887	-3.56096e-22
-0.597887	-3.55938e-22
-0.592887	-3.55782e-22
-0.587887	-3.55627e-22
-0.582887	-3.55474e-22
-0.577887	-3.55322e-22
-0.572887	-3.55172e-22
-0.567887	-3.55022e-22
-0.562887	-3.54875e-22
-0.557887	-3.54728e-22
-0.552887	-3.54583e-22
-0.547887	-3.54439e-22
-0.542887	-3.54297e-22
-0.537887	-3.54156e-22
-0.532887	-3.54016e-22
-0.527887	-3.53878e-22
-0.522887	-3.53741e-22
-0.517887	-3.53605e-22
-0.512887	-3.53471e-22
-0.507887	-3.53338e-22
-0.502887	-3.53207e-22
-0.497887	-3.53077e-22
-0.492887	-3.52948e-22
-0.487887	-3.5282e-22
-0.482887	-3.52694e-22
-0.477887	-3.52569e-22
-0.472887	-3.52446e-22
-0.467887	-3.52323e-22
-0.462887	-3.52203e-22
-0.457887	-3.52083e-22
-0.452887	-3.51965e-22
-0.447887	-3.51848e-22
-0.442887	-3.51733e-22
-0.437887	-3.51618e-22
-0.432887	-3.51506e-22
-0.427887	-3.51394e-22
-0.422887	-3.51284e-22
-0.417887	-3.51175e-22
-0.412887	-3.51068e-22
-0.407887	-3.50961e-22
-0.402887	-3.50857e-22
-0.397887	-3.50753e-22
-0.392887	-3.50651e-22
-0.387887	-3.5055e-22
-0.382887	-3.5045e-22
-0.377887	-3.50352e-22
-0.372887	-3.50255e-22
-0.367887	-3.50159e-22
-0.362887	-3.50065e-22
-0.357887	-3.49972e-22
-0.352887	-3.4988e-22
-0.347887	-3.4979e-22
-0.342887	-3.49701e-22
-0.337887	-3.49613e-22
-0.332887	-3.49527e-22
-0.327887	-3.49441e-22
-0.322887	-3.49358e-22
-0.317887	-3.49275e-22
-0.312887	-3.49194e-22
-0.307887	-3.49114e-22
-0.302887	-3.49035e-22
-0.297887	-3.48958e-22
-0.292887	-3.48882e-22
-0.287887	-3.48807e-22
-0.282887	-3.48734e-22
-0.277887	-3.48662e-22
-0.272887	-3.48591e-22
-0.267887	-3.48521e-22
-0.262887	-3.48453e-22
-0.257887	-3.48386e-22
-0.252887	-3.4832e-22
-0.247887	-3.48256e-22
-0.242887	-3.48193e-22
-0.237887	-3.48131e-22
-0.232887	-3.48071e-22
-0.227887	-3.48012e-22
-0.222887	-3.47954e-22
-0.217887	-3.47897e-22
-0.212887	-3.47842e-22
-0.207887	-3.47788e-22
-0.202887	-3.47735e-22
-0.197887	-3.47684e-22
-0.192887	-3.47634e-22
-0.187887	-3.47585e-22
-0.182887	-3.47537e-22
-0.177887	-3.47491e-22
-0.172887	-3.47446e-22
-0.167887	-3.47403e-22
-0.162887	-3.4736e-22
-0.157887	-3.47319e-22
-0.152887	-3.47279e-22
-0.147887	-3.47241e-22
-0.142887	-3.47203e-22
-0.137887	-3.47168e-22
-0.132887	-3.47133e-22
-0.127887	-3.47099e-22
-0.122887	-3.47067e-22
-0.117887	-3.47036e-22
-0.112887	-3.47007e-22
-0.107887	-3.46979e-22
-0.102887	-3.46952e-22
-0.0978871	-3.46926e-22
-0.0928871	-3.46902e-22
-0.0878871	-3.46878e-22
-0.0828871	-3.46857e-22
-0.0778871	-3.46836e-22
-0.0728871	-3.46817e-22
-0.0678871	-3.46799e-22
-0.0628871	-3.46782e-22
-0.0578871	-3.46767e-22
-0.0528871	-3.46752e-22
-0.0478871	-3.46739e-22
-0.0428871	-3.46728e-22
-0.0378871	-3.46717e-22
-0.0328871	-3.46708e-22
-0.0278871	-3.46701e-22
-0.0228871	-3.46694e-22
-0.0178871	-3.46689e-22
-0.0128871	-3.46685e-22
-0.0078871	-3.46682e-22
-0.0028871	-3.46681e-22
0.0021129	-3.46681e-22
0.0071129	-3.46682e-22
0.0121129	-3.46685e-22
0.0171129	-3.46688e-22
0.0221129	-3.46693e-22
0.0271129	-3.467e-22
0.0321129	-3.46707e-22
0.0371129	-3.46716e-22
0.0421129	-3.46726e-22
0.0471129	-3.46738e-22
0.0521129	-3.4675e-22
0.0571129	-3.46764e-22
0.0621129	-3.46779e-22
0.0671129	-3.46796e-22
0.0721129	-3.46814e-22
0.0771129	-3.46833e-22
0.0821129	-3.46853e-22
0.0871129	-3.46875e-22
0.0921129	-3.46898e-22
0.0971129	-3.46922e-22
0.102113	-3.46948e-22
0.107113	-3.46974e-22
0.112113	-3.47002e-22
0.117113	-3.47032e-22
0.122113	-3.47062e-22
0.127113	-3.47094e-22
0.132113	-3.47128e-22
0.137113	-3.47162e-22
0.142113	-3.47198e-22
0.147113	-3.47235e-22
0.152113	-3.47273e-22
0.157113	-3.47313e-22
0.162113	-3.47354e-22
0.167113	-3.47396e-22
0.172113	-3.47439e-22
0.177113	-3.47484e-22
0.182113	-3.4753e-22
0.187113	-3.47578e-22
0.192113	-3.47626e-22
0.197113	-3.47676e-22
0.202113	-3.47727e-22
0.207113	-3.4778e-22
0.212113	-3.47834e-22
0.217113	-3.47889e-22
0.222113	-3.47945e-22
0.227113	-3.48003e-22
0.232113	-3.48062e-22
0.237113	-3.48122e-22
0.242113	-3.48183e-22
0.247113	-3.48246e-22
0.252113	-3.4831e-22
0.257113	-3.48376e-22
0.262113	-3.48443e-22
0.267113	-3.48511e-22
0.272113	-3.4858e-22
0.277113	-3.48651e-22
0.282113	-3.48722e-22
0.287113	-3.48796e-22
0.292113	-3.4887e-22
0.297113	-3.48946e-22
0.302113	-3.49023e-22
0.307113	-3.49102e-22
0.312113	-3.49181e-22
0.317113	-3.49262e-22
0.322113	-3.49345e-22
0.327113	-3.49428e-22
0.332113	-3.49513e-22
0.337113	-3.496e-22
0.342113	-3.49687e-22
0.347113	-3.49776e-22
0.352113	-3.49866e-22
0.357113	-3.49958e-22
0.362113	-3.5005e-22
0.367113	-3.50145e-22
0.372113	-3.5024e-22
0.377113	-3.50337e-22
0.382113	-3.50435e-22
0.387113	-3.50534e-22
0.392113	-3.50635e-22
0.397113	-3.50737e-22
0.402113	-3.5084e-22
0.407113	-3.50945e-22
0.412113	-3.51051e-22
0.417113	-3.51158e-22
0.422113	-3.51267e-22
0.427113	-3.51377e-22
0.432113	-3.51488e-22
0.437113	-3.51601e-22
0.442113	-3.51715e-22
0.447113	-3.5183e-22
0.452113	-3.51947e-22
0.457113	-3.52065e-22
0.462113	-3.52184e-22
0.467113	-3.52305e-22
0.472113	-3.52427e-22
0.477113	-3.5255e-22
0.482113	-3.52675e-22
0.487113	-3.52801e-22
0.492113	-3.52928e-22
0.497113	-3.53056e-22
0.502113	-3.53186e-22
0.507113	-3.53318e-22
0.512113	-3.53451e-22
0.517113	-3.53585e-22
0.522113	-3.5372e-22
0.527113	-3.53857e-22
0.532113	-3.53995e-22
0.537113	-3.54134e-22
0.542113	-3.54275e-22
0.547113	-3.54417e-22
0.552113	-3.54561e-22
0.557113	-3.54706e-22
0.562113	-3.54852e-22
0.567113	-3.55e-22
0.572113	-3.55148e-22
0.577112	-3.55299e-22
0.582112	-3.55451e-22
0.587112	-3.55604e-22
0.592112	-3.55758e-22
0.597112	-3.55914e-22
0.602112	-3.56071e-22
0.607112	-3.5623e-22
0.612112	-3.5639e-22
0.617112	-3.56551e-22
0.622112	-3.56714e-22
0.627112	-3.56878e-22
0.632112	-3.57043e-22
0.637112	-3.5721e-22
0.642112	-3.57378e-22
0.647112	-3.57548e-22
0.652112	-3.57719e-22
0.657112	-3.57891e-22
0.662112	-3.58065e-22
0.667112	-3.5824e-22
0.672112	-3.58417e-22
0.677112	-3.58595e-22
0.682112	-3.58774e-22
0.687112	-3.58955e-22
0.692112	-3.59137e-22
0.697112	-3.59321e-22
0.702112	-3.59506e-22
0.707112	-3.59693e-22
0.712112	-3.5988e-22
0.717112	-3.6007e-22
0.722112	-3.6026e-22
0.727112	-3.60453e-22
0.732112	-3.60646e-22
0.737112	-3.60841e-22
0.742112	-3.61037e-22
0.747112	-3.61235e-22
0.752112	-3.61434e-22
0.757112	-3.61635e-22
0.762112	-3.61837e-22
0.767112	-3.62041e-22
0.772112	-3.62246e-22
0.777112	-3.62452e-22
0.782112	-3.6266e-22
0.787112	-3.62869e-22
0.792112	-3.6308e-22
0.797112	-3.63292e-22
0.802112	-3.63506e-22
0.807112	-3.63721e-22
0.812112	-3.63938e-22
0.817112	-3.64156e-22
0.822112	-3.64375e-22
0.827112	-3.64596e-22
0.832112	-3.64818e-22
0.837112	-3.65042e-22
0.842112	-3.65268e-22
0.847112	-3.65494e-22
0.852112	-3.65723e-22
0.857112	-3.65952e-22
0.862112	-3.66184e-22
0.867112	-3.66416e-22
0.872112	-3.66651e-22
0.877112	-3.66886e-22
0.882112	-3.67123e-22
0.887112	-3.67362e-22
0.892112	-3.67602e-22
0.897112	-3.67844e-22
0.902112	-3.68087e-22
0.907112	-3.68332e-22
0.912112	-3.68578e-22
0.917112	-3.68826e-22
0.922112	-3.69075e-22
0.927112	-3.69326e-22
0.932112	-3.69578e-22
0.937112	-3.69831e-22
0.942112	-3.70087e-22
0.947112	-3.70344e-22
0.952112	-3.70602e-22
0.957112	-3.70862e-22
0.962112	-3.71123e-22
0.967112	-3.71386e-22
0.972112	-3.7165e-22
0.977112	-3.71916e-22
0.982112	-3.72184e-22
0.987112	-3.72453e-22
0.992112	-3.72723e-22
0.997112	-3.72996e-22
1.00211	-3.73269e-22
1.00711	-3.73545e-22
1.01211	-3.73821e-22
1.01711	-3.741e-22
1.02211	-3.7438e-22
1.02711	-3.74661e-22
1.03211	-3.74944e-22
1.03711	-3.75229e-22
1.04211	-3.75515e-22
1.04711	-3.75803e-22
1.05211	-3.76093e-22
1.05711	-3.76383e-22
1.06211	-3.76676e-22
1.06711	-3.7697e-22
1.07211	-3.77266e-22
1.07711	-3.77563e-22
1.08211	-3.77862e-22
1.08711	-3.78163e-22
1.09211	-3.78465e-22
1.09711	-3.78769e-22
1.10211	-3.79074e-22
1.10711	-3.79381e-22
1.11211	-3.7969e-22
1.11711	-3.8e-22
1.12211	-3.80312e-22
1.12711	-3.80626e-22
1.13211	-3.80941e-22
1.13711	-3.81258e-22
1.14211	-3.81576e-22
1.14711	-3.81897e-22
1.15211	-3.82218e-22
1.15711	-3.82542e-22
1.16211	-3.82867e-22
1.16711	-3.83194e-22
1.17211	-3.83522e-22
1.17711	-3.83852e-22
1.18211	-3.84184e-22
1.18711	-3.84517e-22
1.19211	-3.84852e-22
1.19711	-3.85189e-22
1.20211	-3.85528e-22
1.20711	-3.85868e-22
1.21211	-3.8621e-22
1.21711	-3.86553e-22
1.22211	-3.86898e-22
1.22711	-3.87245e-22
1.23211	-3.87594e-22
1.23711	-3.87944e-22
1.24211	-3.88296e-22
1.24711	-3.8865e-22
1.25211	-3.89006e-22
1.25711	-3.89363e-22
1.26211	-3.89722e-22
1.26711	-3.90083e-22
1.27211	-3.90445e-22
1.27711	-3.90809e-22
1.28211	-3.91175e-22
1.28711	-3.91543e-22
1.29211	-3.91913e-22
1.29711	-3.92284e-22
1.30211	-3.92657e-22
1.30711	-3.93032e-22
1.31211	-3.93408e-22
1.31711	-3.93786e-22
1.32211	-3.94167e-22
1.32711	-3.94548e-22
1.33211	-3.94932e-22
1.33711	-3.95318e-22
1.34211	-3.95705e-22
1.34711	-3.96094e-22
1.35211	-3.96485e-22
1.35711	-3.96877e-22
1.36211	-3.97272e-22
1.36711	-3.97668e-22
1.37211	-3.98066e-22
1.37711	-3.98466e-22
1.38211	-3.98868e-22
1.38711	-3.99272e-22
1.39211	-3.99677e-22
1.39711	-4.00085e-22
1.40211	-4.00494e-22
1.40711	-4.00905e-22
1.41211	-4.01318e-22
1.41711	-4.01732e-22
1.42211	-4.02149e-22
1.42711	-4.02568e-22
1.43211	-4.02988e-22
1.43711	-4.0341e-22
1.44211	-4.03834e-22
1.44711	-4.0426e-22
1.45211	-4.04688e-22
1.45711	-4.05118e-22
1.46211	-4.0555e-22
1.46711	-4.05984e-22
1.47211	-4.06419e-22
1.47711	-4.06857e-22
1.48211	-4.07296e-22
1.48711	-4.07738e-22
1.49211	-4.08181e-22
1.49711	-4.08626e-22
1.50211	-4.09073e-22
1.50711	-4.09523e-22
1.51211	-4.09974e-22
1.51711	-4.10427e-22
1.52211	-4.10882e-22
1.52711	-4.11339e-22
1.53211	-4.11798e-22
1.53711	-4.12259e-22
1.54211	-4.12722e-22
1.54711	-4.13187e-22
1.55211	-4.13654e-22
1.55711	-4.14123e-22
1.56211	-4.14594e-22
1.56711	-4.15067e-22
1.57211	-4.15542e-22
1.57711	-4.16019e-22
1.58211	-4.16498e-22
1.58711	-4.16979e-22
1.59211	-4.17462e-22
1.59711	-4.17947e-22
1.60211	-4.18435e-22
1.60711	-4.18924e-22
1.61211	-4.19415e-22
1.61711	-4.19909e-22
1.62211	-4.20404e-22
1.62711	-4.20902e-22
1.63211	-4.21402e-22
1.63711	-4.21904e-22
1.64211	-4.22408e-22
1.64711	-4.22914e-22
1.65211	-4.23422e-22
1.65711	-4.23932e-22
1.66211	-4.24444e-22
1.66711	-4.24959e-22
1.67211	-4.25476e-22
1.67711	-4.25994e-22
1.68211	-4.26515e-22
1.68711	-4.27038e-22
1.69211	-4.27564e-22
1.69711	-4.28091e-22
1.70211	-4.28621e-22
1.70711	-4.29152e-22
1.71211	-4.29686e-22
1.71711	-4.30223e-22
1.72211	-4.30761e-22
1.72711	-4.31301e-22
1.73211	-4.31844e-22
1.73711	-4.32389e-22
1.74211	-4.32936e-22
1.74711	-4.33486e-22
1.75211	-4.34038e-22
1.75711	-4.34592e-22
1.76211	-4.35148e-22
1.76711	-4.35706e-22
1.77211	-4.36267e-22
1.77711	-4.3683e-22
1.78211	-4.37395e-22
1.78711	-4.37963e-22
1.79211	-4.38532e-22
1.79711	-4.39105e-22
1.80211	-4.39679e-22
1.80711	-4.40256e-22
1.81211	-4.40835e-22
1.81711	-4.41416e-22
1.82211	-4.42e-22
1.82711	-4.42586e-22
1.83211	-4.43174e-22
1.83711	-4.43765e-22
1.84211	-4.44358e-22
1.84711	-4.44954e-22
1.85211	-4.45552e-22
1.85711	-4.46152e-22
1.86211	-4.46754e-22
1.86711	-4.47359e-22
1.87211	-4.47967e-22
1.87711	-4.48577e-22
1.88211	-4.49189e-22
1.88711	-4.49804e-22
1.89211	-4.50421e-22
1.89711	-4.5104e-22
1.90211	-4.51662e-22
1.90711	-4.52287e-22
1.91211	-4.52914e-22
1.91711	-4.53543e-22
1.92211	-4.54175e-22
1.92711	-4.54809e-22
1.93211	-4.55446e-22
1.93711	-4.56086e-22
1.94211	-4.56728e-22
1.94711	-4.57372e-22
1.95211	-4.58019e-22
1.95711	-4.58668e-22
1.96211	-4.5932e-22
1.96711	-4.59975e-22
1.97211	-4.60632e-22
1.97711	-4.61292e-22
1.98211	-4.61954e-22
1.98711	-4.62619e-22
1.99211	-4.63286e-22
1.99711	-4.63956e-22
2.00211	-4.64629e-22
2.00711	-4.65304e-22
2.01211	-4.65982e-22
2.01711	-4.66663e-22
2.02211	-4.67346e-22
2.02711	-4.68031e-22
2.03211	-4.6872e-22
2.03711	-4.69411e-22
2.04211	-4.70105e-22
2.04711	-4.70801e-22
2.05211	-4.71501e-22
2.05711	-4.72202e-22
2.06211	-4.72907e-22
2.06711	-4.73614e-22
2.07211	-4.74324e-22
2.07711	-4.75037e-22
2.08211	-4.75753e-22
2.08711	-4.76471e-22
2.09211	-4.77192e-22
2.09711	-4.77916e-22
2.10211	-4.78643e-22
2.10711	-4.79372e-22
2.11211	-4.80104e-22
2.11711	-4.80839e-22
2.12211	-4.81577e-22
2.12711	-4.82318e-22
2.13211	-4.83061e-22
2.13711	-4.83808e-22
2.14211	-4.84557e-22
2.14711	-4.85309e-22
2.15211	-4.86064e-22
2.15711	-4.86822e-22
2.16211	-4.87582e-22
2.16711	-4.88346e-22
2.17212	-4.89113e-22
2.17712	-4.89882e-22
2.18212	-4.90654e-22
2.18712	-4.9143e-22
2.19212	-4.92208e-22
2.19712	-4.92989e-22
2.20212	-4.93774e-22
2.20712	-4.94561e-22
2.21212	-4.95351e-22
2.21712	-4.96144e-22
2.22212	-4.96941e-22
2.22712	-4.9774e-22
2.23212	-4.98542e-22
2.23712	-4.99348e-22
2.24212	-5.00156e-22
2.24712	-5.00968e-22
2.25212	-5.01782e-22
2.25712	-5.026e-22
2.26212	-5.03421e-22
2.26712	-5.04244e-22
2.27212	-5.05071e-22
2.27712	-5.05902e-22
2.28212	-5.06735e-22
2.28712	-5.07571e-22
2.29212	-5.08411e-22
2.29712	-5.09254e-22
2.30212	-5.101e-22
2.30712	-5.10949e-22
2.31212	-5.11801e-22
2.31712	-5.12657e-22
2.32212	-5.13516e-22
2.32712	-5.14378e-22
2.33212	-5.15243e-22
2.33712	-5.16112e-22
2.34212	-5.16983e-22
2.34712	-5.17859e-22
2.35212	-5.18737e-22
2.35712	-5.19619e-22
2.36212	-5.20504e-22
2.36712	-5.21392e-22
2.37212	-5.22284e-22
2.37712	-5.23179e-22
2.38212	-5.24078e-22
2.38712	-5.2498e-22
2.39212	-5.25885e-22
2.39712	-5.26794e-22
2.40212	-5.27706e-22
2.40712	-5.28622e-22
2.41212	-5.29541e-22
2.41712	-5.30463e-22
2.42212	-5.31389e-22
2.42712	-5.32318e-22
2.43212	-5.33251e-22
2.43712	-5.34188e-22
2.44212	-5.35128e-22
2.44712	-5.36071e-22
2.45212	-5.37018e-22
2.45712	-5.37969e-22
2.46212	-5.38923e-22
2.46712	-5.39881e-22
2.47212	-5.40842e-22
2.47712	-5.41807e-22
2.48212	-5.42776e-22
2.48712	-5.43748e-22
2.49212	-5.44724e-22
2.49712	-5.45703e-22
2.50212	-5.46686e-22
2.50712	-5.47673e-22
2.51212	-5.48664e-22
2.51712	-5.49658e-22
2.52212	-5.50656e-22
2.52712	-5.51658e-22
2.53212	-5.52664e-22
2.53712	-5.53673e-22
2.54212	-5.54686e-22
2.54712	-5.55703e-22
2.55212	-5.56724e-22
2.55712	-5.57749e-22
2.56212	-5.58777e-22
2.56712	-5.59809e-22
2.57212	-5.60846e-22
2.57712	-5.61886e-22
2.58212	-5.6293e-22
2.58712	-5.63977e-22
2.59212	-5.65029e-22
2.59712	-5.66085e-22
2.60212	-5.67145e-22
2.60713	-5.68208e-22
2.61213	-5.69276e-22
2.61713	-5.70348e-22
2.62213	-5.71424e-22
2.62713	-5.72503e-22
2.63213	-5.73587e-22
2.63713	-5.74675e-22
2.64213	-5.75767e-22
2.64713	-5.76863e-22
2.65213	-5.77963e-22
2.65713	-5.79068e-22
2.66213	-5.80176e-22
2.66713	-5.81289e-22
2.67213	-5.82405e-22
2.67713	-5.83526e-22
2.68213	-5.84652e-22
2.68713	-5.85781e-22
2.69213	-5.86915e-22
2.69713	-5.88053e-22
2.70213	-5.89195e-22
2.70713	-5.90341e-22
2.71213	-5.91492e-22
2.71713	-5.92647e-22
2.72213	-5.93807e-22
2.72713	-5.94971e-22
2.73213	-5.96139e-22
2.73713	-5.97311e-22
2.74213	-5.98488e-22
2.74713	-5.9967e-22
2.75213	-6.00856e-22
2.75713	-6.02046e-22
2.76213	-6.03241e-22
2.76713	-6.0444e-22
2.77213	-6.05644e-22
2.77713	-6.06852e-22
2.78213	-6.08065e-22
2.78713	-6.09283e-22
2.79213	-6.10505e-22
2.79713	-6.11731e-22
2.80213	-6.12962e-22
2.80713	-6.14198e-22
2.81213	-6.15439e-22
2.81713	-6.16684e-22
2.82213	-6.17934e-22
2.82713	-6.19189e-22
2.83213	-6.20448e-22
2.83713	-6.21712e-22
2.84213	-6.22981e-22
2.84713	-6.24255e-22
2.85213	-6.25533e-22
2.85713	-6.26816e-22
2.86213	-6.28104e-22
2.86713	-6.29397e-22
2.87213	-6.30695e-22
2.87713	-6.31998e-22
2.88213	-6.33306e-22
2.88713	-6.34618e-22
2.89213	-6.35936e-22
2.89713	-6.37259e-22
2.90213	-6.38586e-22
2.90713	-6.39919e-22
2.91213	-6.41256e-22
2.91713	-6.42599e-22
2.92213	-6.43947e-22
2.92713	-6.453e-22
2.93213	-6.46658e-22
2.93713	-6.48021e-22
2.94213	-6.49389e-22
2.94713	-6.50763e-22
2.95213	-6.52141e-22
2.95713	-6.53525e-22
2.96213	-6.54914e-22
2.96713	-6.56309e-22
2.97213	-6.57708e-22
2.97713	-6.59113e-22
2.98213	-6.60524e-22
2.98713	-6.61939e-22
2.99213	-6.63361e-22
2.99713	-6.64787e-22
3.00213	-6.66219e-22
3.00713	-6.67656e-22
3.01213	-6.69099e-22
3.01713	-6.70547e-22
3.02213	-6.72001e-22
3.02713	-6.7346e-22
3.03213	-6.74925e-22
3.03713	-6.76396e-22
3.04214	-6.77872e-22
3.04714	-6.79353e-22
3.05214	-6.80841e-22
3.05714	-6.82334e-22
3.06214	-6.83832e-22
3.06714	-6.85337e-22
3.07214	-6.86847e-22
3.07714	-6.88363e-22
3.08214	-6.89885e-22
3.08714	-6.91412e-22
3.09214	-6.92945e-22
3.09714	-6.94485e-22
3.10214	-6.9603e-22
3.10714	-6.97581e-22
3.11214	-6.99137e-22
3.11714	-7.007e-22
3.12214	-7.02269e-22
3.12714	-7.03844e-22
3.13214	-7.05425e-22
3.13714	-7.07012e-22
3.14214	-7.08605e-22
3.14714	-7.10204e-22
3.15214	-7.11809e-22
3.15714	-7.13421e-22
3.16214	-7.15038e-22
3.16714	-7.16662e-22
3.17214	-7.18292e-22
3.17714	-7.19928e-22
3.18214	-7.21571e-22
3.18714	-7.2322e-22
3.19214	-7.24875e-22
3.19714	-7.26537e-22
3.20214	-7.28205e-22
3.20714	-7.29879e-22
3.21214	-7.3156e-22
3.21714	-7.33247e-22
3.22214	-7.34941e-22
3.22714	-7.36642e-22
3.23214	-7.38349e-22
3.23714	-7.40062e-22
3.24214	-7.41782e-22
3.24714	-7.43509e-22
3.25214	-7.45242e-22
3.25714	-7.46983e-22
3.26214	-7.4873e-22
3.26714	-7.50483e-22
3.27214	-7.52244e-22
3.27714	-7.54011e-22
3.28214	-7.55785e-22
3.28714	-7.57566e-22
3.29214	-7.59354e-22
3.29714	-7.61149e-22
3.30214	-7.6295e-22
3.30714	-7.64759e-22
3.31214	-7.66575e-22
3.31714	-7.68398e-22
3.32214	-7.70228e-22
3.32714	-7.72065e-22
3.33214	-7.73909e-22
3.33714	-7.7576e-22
3.34214	-7.77619e-22
3.34714	-7.79484e-22
3.35214	-7.81357e-22
3.35714	-7.83238e-22
3.36214	-7.85125e-22
3.36714	-7.8702e-22
3.37214	-7.88923e-22
3.37714	-7.90833e-22
3.38214	-7.9275e-22
3.38714	-7.94675e-22
3.39214	-7.96607e-22
3.39714	-7.98547e-22
3.40214	-8.00494e-22
3.40714	-8.0245e-22
3.41214	-8.04412e-22
3.41714	-8.06383e-22
3.42214	-8.08361e-22
3.42714	-8.10347e-22
3.43214	-8.1234e-22
3.43714	-8.14342e-22
3.44214	-8.16351e-22
3.44714	-8.18369e-22
3.45214	-8.20394e-22
3.45714	-8.22427e-22
3.46214	-8.24468e-22
3.46714	-8.26517e-22
3.47214	-8.28574e-22
3.47714	-8.3064e-22
3.48215	-8.32713e-22
3.48715	-8.34795e-22
3.49215	-8.36885e-22
3.49715	-8.38983e-22
3.50215	-8.41089e-22
3.50715	-8.43204e-22
3.51215	-8.45327e-22
3.51715	-8.47459e-22
3.52215	-8.49598e-22
3.52715	-8.51747e-22
3.53215	-8.53904e-22
3.53715	-8.56069e-22
3.54215	-8.58243e-22
3.54715	-8.60426e-22
3.55215	-8.62617e-22
3.55715	-8.64817e-22
3.56215	-8.67026e-22
3.56715	-8.69243e-22
3.57215	-8.71469e-22
3.57715	-8.73704e-22
3.58215	-8.75948e-22
3.58715	-8.78201e-22
3.59215	-8.80463e-22
3.59715	-8.82734e-22
3.60215	-8.85014e-22
3.60715	-8.87303e-22
3.61215	-8.89601e-22
3.61715	-8.91909e-22
3.62215	-8.94225e-22
3.62715	-8.96551e-22
3.63215	-8.98886e-22
3.63715	-9.01231e-22
3.64215	-9.03584e-22
3.64715	-9.05948e-22
3.65215	-9.0832e-22
3.65715	-9.10703e-22
3.66215	-9.13094e-22
3.66715	-9.15496e-22
3.67215	-9.17907e-22
3.67715	-9.20328e-22
3.68215	-9.22758e-22
3.68715	-9.25198e-22
3.69215	-9.27648e-22
3.69715	-9.30108e-22
3.70215	-9.32578e-22
3.70715	-9.35057e-22
3.71215	-9.37547e-22
3.71715	-9.40047e-22
3.72215	-9.42557e-22
3.72715	-9.45077e-22
3.73215	-9.47607e-22
3.73715	-9.50147e-22
3.74215	-9.52698e-22
3.74715	-9.55258e-22
3.75215	-9.5783e-22
3.75715	-9.60411e-22
3.76215	-9.63003e-22
3.76715	-9.65606e-22
3.77215	-9.68219e-22
3.77715	-9.70843e-22
3.78215	-9.73477e-22
3.78715	-9.76123e-22
3.79215	-9.78778e-22
3.79715	-9.81445e-22
3.80215	-9.84122e-22
3.80715	-9.86811e-22
3.81215	-9.8951e-22
3.81715	-9.9222e-22
3.82215	-9.94942e-22
3.82715	-9.97674e-22
3.83215	-1.00042e-21
3.83715	-1.00317e-21
3.84215	-1.00594e-21
3.84715	-1.00872e-21
3.85215	-1.0115e-21
3.85715	-1.0143e-21
3.86215	-1.01712e-21
3.86715	-1.01994e-21
3.87215	-1.02277e-21
3.87715	-1.02562e-21
3.88215	-1.02848e-21
3.88715	-1.03135e-21
3.89215	-1.03423e-21
3.89715	-1.03712e-21
3.90215	-1.04003e-21
3.90715	-1.04294e-21
3.91215	-1.04587e-21
3.91716	-1.04881e-21
3.92216	-1.05177e-21
3.92716	-1.05473e-21
3.93216	-1.05771e-21
3.93716	-1.0607e-21
3.94216	-1.0637e-21
3.94716	-1.06672e-21
3.95216	-1.06974e-21
3.95716	-1.07278e-21
3.96216	-1.07584e-21
3.96716	-1.0789e-21
3.97216	-1.08198e-21
3.97716	-1.08507e-21
3.98216	-1.08817e-21
3.98716	-1.09129e-21
3.99216	-1.09441e-21
3.99716	-1.09756e-21
4.00216	-1.10071e-21
4.00716	-1.10388e-21
4.01216	-1.10706e-21
4.01716	-1.11025e-21
4.02216	-1.11346e-21
4.02716	-1.11668e-21
4.03216	-1.11992e-21
4.03716	-1.12316e-21
4.04216	-1.12642e-21
4.04716	-1.1297e-21
4.05216	-1.13299e-21
4.05716	-1.13629e-21
4.06216	-1.13961e-21
4.06716	-1.14294e-21
4.07216	-1.14628e-21
4.07716	-1.14964e-21
4.08216	-1.15301e-21
4.08716	-1.15639e-21
4.09216	-1.15979e-21
4.09716	-1.16321e-21
4.10216	-1.16664e-21
4.10716	-1.17008e-21
4.11216	-1.17354e-21
4.11716	-1.17701e-21
4.12216	-1.1805e-21
4.12716	-1.184e-21
4.13216	-1.18751e-21
4.13716	-1.19104e-21
4.14216	-1.19459e-21
4.14716	-1.19815e-21
4.15216	-1.20172e-21
4.15716	-1.20531e-21
4.16216	-1.20892e-21
4.16716	-1.21254e-21
4.17216	-1.21618e-21
4.17716	-1.21983e-21
4.18216	-1.22349e-21
4.18716	-1.22718e-21
4.19216	-1.23087e-21
4.19716	-1.23459e-21
4.20216	-1.23832e-21
4.20716	-1.24206e-21
4.21216	-1.24582e-21
4.21716	-1.2496e-21
4.22216	-1.25339e-21
4.22716	-1.2572e-21
4.23216	-1.26103e-21
4.23716	-1.26487e-21
4.24216	-1.26873e-21
4.24716	-1.2726e-21
4.25216	-1.27649e-21
4.25716	-1.2804e-21
4.26216	-1.28432e-21
4.26716	-1.28826e-21
4.27216	-1.29222e-21
4.27716	-1.29619e-21
4.28216	-1.30018e-21
4.28716	-1.30419e-21
4.29216	-1.30822e-21
4.29716	-1.31226e-21
4.30216	-1.31632e-21
4.30716	-1.32039e-21
4.31216	-1.32449e-21
4.31716	-1.3286e-21
4.32216	-1.33273e-21
4.32716	-1.33688e-21
4.33216	-1.34104e-21
4.33716	-1.34522e-21
4.34216	-1.34942e-21
4.34716	-1.35364e-21
4.35216	-1.35788e-21
4.35716	-1.36213e-21
4.36216	-1.36641e-21
4.36717	-1.3707e-21
4.37217	-1.37501e-21
4.37717	-1.37933e-21
4.38217	-1.38368e-21
4.38717	-1.38805e-21
4.39217	-1.39243e-21
4.39717	-1.39683e-21
4.40217	-1.40126e-21
4.40717	-1.4057e-21
4.41217	-1.41016e-21
4.41717	-1.41464e-21
4.42217	-1.41913e-21
4.42717	-1.42365e-21
4.43217	-1.42819e-21
4.43717	-1.43275e-21
4.44217	-1.43732e-21
4.44717	-1.44192e-21
4.45217	-1.44654e-21
4.45717	-1.45117e-21
4.46217	-1.45583e-21
4.46717	-1.46051e-21
4.47217	-1.4652e-21
4.47717	-1.46992e-21
4.48217	-1.47466e-21
4.48717	-1.47941e-21
4.49217	-1.48419e-21
4.49717	-1.48899e-21
4.50217	-1.49381e-21
4.50717	-1.49865e-21
4.51217	-1.50351e-21
4.51717	-1.5084e-21
4.52217	-1.5133e-21
4.52717	-1.51823e-21
4.53217	-1.52317e-21
4.53717	-1.52814e-21
4.54217	-1.53313e-21
4.54717	-1.53814e-21
4.55217	-1.54318e-21
4.55717	-1.54823e-21
4.56217	-1.55331e-21
4.56717	-1.55841e-21
4.57217	-1.56353e-21
4.57717	-1.56867e-21
4.58217	-1.57384e-21
4.58717	-1.57902e-21
4.59217	-1.58424e-21
4.59717	-1.58947e-21
4.60217	-1.59472e-21
4.60717	-1.6e-21
4.61217	-1.60531e-21
4.61717	-1.61063e-21
4.62217	-1.61598e-21
4.62717	-1.62135e-21
4.63217	-1.62675e-21
4.63717	-1.63216e-21
4.64217	-1.63761e-21
4.64717	-1.64307e-21
4.65217	-1.64856e-21
4.65717	-1.65408e-21
4.66217	-1.65961e-21
4.66717	-1.66518e-21
4.67217	-1.67076e-21
4.67717	-1.67637e-21
4.68217	-1.68201e-21
4.68717	-1.68767e-21
4.69217	-1.69335e-21
4.69717	-1.69906e-21
4.70217	-1.70479e-21
4.70717	-1.71055e-21
4.71217	-1.71634e-21
4.71717	-1.72215e-21
4.72217	-1.72798e-21
4.72717	-1.73384e-21
4.73217	-1.73973e-21
4.73717	-1.74564e-21
4.74217	-1.75157e-21
4.74717	-1.75754e-21
4.75217	-1.76353e-21
4.75717	-1.76954e-21
4.76217	-1.77558e-21
4.76717	-1.78165e-21
4.77217	-1.78774e-21
4.77717	-1.79386e-21
4.78217	-1.80001e-21
4.78717	-1.80619e-21
4.79217	-1.81239e-21
4.79717	-1.81862e-21
4.80218	-1.82487e-21
4.80718	-1.83115e-21
4.81218	-1.83746e-21
4.81718	-1.8438e-21
4.82218	-1.85017e-21
4.82718	-1.85656e-21
4.83218	-1.86298e-21
4.83718	-1.86943e-21
4.84218	-1.8759e-21
4.84718	-1.88241e-21
4.85218	-1.88894e-21
4.85718	-1.8955e-21
4.86218	-1.90209e-21
4.86718	-1.90871e-21
4.87218	-1.91536e-21
4.87718	-1.92204e-21
4.88218	-1.92874e-21
4.88718	-1.93548e-21
4.89218	-1.94224e-21
4.89718	-1.94903e-21
4.90218	-1.95585e-21
4.90718	-1.96271e-21
4.91218	-1.96959e-21
4.91718	-1.9765e-21
4.92218	-1.98344e-21
4.92718	-1.99041e-21
4.93218	-1.99741e-21
4.93718	-2.00445e-21
4.94218	-2.01151e-21
4.94718	-2.0186e-21
4.95218	-2.02572e-21
4.95718	-2.03288e-21
4.96218	-2.04006e-21
4.96718	-2.04728e-21
4.97218	-2.05453e-21
4.97718	-2.0618e-21
4.98218	-2.06911e-21
4.98718	-2.07645e-21
4.99218	-2.08383e-21
4.99718	-2.09123e-21
5.00218	-2.09867e-21
5.00718	-2.10613e-21
5.01218	-2.11363e-21
5.01718	-2.12116e-21
5.02218	-2.12873e-21
5.02718	-2.13632e-21
5.03218	-2.14395e-21
5.03718	-2.15161e-21
5.04218	-2.15931e-21
5.04718	-2.16703e-21
5.05218	-2.17479e-21
5.05718	-2.18259e-21
5.06218	-2.19041e-21
5.06718	-2.19827e-21
5.07218	-2.20616e-21
5.07718	-2.21409e-21
5.08218	-2.22205e-21
5.08718	-2.23004e-21
5.09218	-2.23807e-21
5.09718	-2.24613e-21
5.10218	-2.25422e-21
5.10718	-2.26235e-21
5.11218	-2.27051e-21
5.11718	-2.27871e-21
5.12218	-2.28694e-21
5.12718	-2.2952e-21
5.13218	-2.3035e-21
5.13718	-2.31183e-21
5.14218	-2.3202e-21
5.14718	-2.32861e-21
5.15218	-2.33704e-21
5.15718	-2.34552e-21
5.16218	-2.35403e-21
5.16718	-2.36257e-21
5.17218	-2.37115e-21
5.17718	-2.37976e-21
5.18218	-2.38841e-21
5.18718	-2.3971e-21
5.19218	-2.40582e-21
5.19718	-2.41457e-21
5.20218	-2.42336e-21
5.20718	-2.43219e-21
5.21218	-2.44106e-21
5.21718	-2.44995e-21
5.22218	-2.45889e-21
5.22718	-2.46786e-21
5.23218	-2.47687e-21
5.23719	-2.48591e-21
5.24219	-2.49499e-21
5.24719	-2.50411e-21
5.25219	-2.51326e-21
5.25719	-2.52245e-21
5.26219	-2.53168e-21
5.26719	-2.54094e-21
5.27219	-2.55024e-21
5.27719	-2.55957e-21
5.28219	-2.56895e-21
5.28719	-2.57836e-21
5.29219	-2.5878e-21
5.29719	-2.59728e-21
5.30219	-2.6068e-21
5.30719	-2.61636e-21
5.31219	-2.62595e-21
5.31719	-2.63558e-21
5.32219	-2.64525e-21
5.32719	-2.65495e-21
5.33219	-2.6647e-21
5.33719	-2.67447e-21
5.34219	-2.68429e-21
5.34719	-2.69414e-21
5.35219	-2.70403e-21
5.35719	-2.71396e-21
5.36219	-2.72392e-21
5.36719	-2.73392e-21
5.37219	-2.74396e-21
5.37719	-2.75403e-21
5.38219	-2.76414e-21
5.38719	-2.77429e-21
5.39219	-2.78448e-21
5.39719	-2.7947e-21
5.40219	-2.80496e-21
5.40719	-2.81525e-21
5.41219	-2.82558e-21
5.41719	-2.83595e-21
5.42219	-2.84636e-21
5.42719	-2.8568e-21
5.43219	-2.86728e-21
5.43719	-2.87779e-21
5.44219	-2.88835e-21
5.44719	-2.89893e-21
5.45219	-2.90956e-21
5.45719	-2.92022e-21
5.46219	-2.93091e-21
5.46719	-2.94164e-21
5.47219	-2.95241e-21
5.47719	-2.96321e-21
5.48219	-2.97405e-21
5.48719	-2.98493e-21
5.49219	-2.99583e-21
5.49719	-3.00678e-21
5.50219	-3.01776e-21
5.50719	-3.02877e-21
5.51219	-3.03982e-21
5.51719	-3.0509e-21
5.52219	-3.06202e-21
5.52719	-3.07317e-21
5.53219	-3.08435e-21
5.53719	-3.09557e-21
5.54219	-3.10682e-21
5.54719	-3.11811e-21
5.55219	-3.12942e-21
5.55719	-3.14077e-21
5.56219	-3.15216e-21
5.56719	-3.16357e-21
5.57219	-3.17502e-21
5.57719	-3.18649e-21
5.58219	-3.198e-21
5.58719	-3.20954e-21
5.59219	-3.22111e-21
5.59719	-3.23271e-21
5.60219	-3.24434e-21
5.60719	-3.256e-21
5.61219	-3.26769e-21
5.61719	-3.27941e-21
5.62219	-3.29115e-21
5.62719	-3.30293e-21
5.63219	-3.31473e-21
5.63719	-3.32656e-21
5.64219	-3.33841e-21
5.64719	-3.35029e-21
5.65219	-3.3622e-21
5.65719	-3.37413e-21
5.66219	-3.38609e-21
5.66719	-3.39807e-21
5.67219	-3.41008e-21
5.6772	-3.4221e-21
5.6822	-3.43415e-21
5.6872	-3.44623e-21
5.6922	-3.45832e-21
5.6972	-3.47043e-21
5.7022	-3.48257e-21
5.7072	-3.49472e-21
5.7122	-3.50689e-21
5.7172	-3.51908e-21
5.7222	-3.53129e-21
5.7272	-3.54352e-21
5.7322	-3.55576e-21
5.7372	-3.56801e-21
5.7422	-3.58028e-21
5.7472	-3.59256e-21
5.7522	-3.60486e-21
5.7572	-3.61716e-21
5.7622	-3.62948e-21
5.7672	-3.64181e-21
5.7722	-3.65414e-21
5.7772	-3.66649e-21
5.7822	-3.67884e-21
5.7872	-3.6912e-21
5.7922	-3.70356e-21
5.7972	-3.71592e-21
5.8022	-3.72829e-21
5.8072	-3.74066e-21
5.8122	-3.75303e-21
5.8172	-3.7654e-21
5.8222	-3.77777e-21
5.8272	-3.79013e-21
5.8322	-3.80249e-21
5.8372	-3.81485e-21
5.8422	-3.82719e-21
5.8472	-3.83953e-21
5.8522	-3.85186e-21
5.8572	-3.86418e-21
5.8622	-3.87648e-21
5.8672	-3.88877e-21
5.8722	-3.90104e-21
5.8772	-3.9133e-21
5.8822	-3.92553e-21
5.8872	-3.93775e-21
5.8922	-3.94994e-21
5.8972	-3.96211e-21
5.9022	-3.97425e-21
5.9072	-3.98636e-21
5.9122	-3.99845e-21
5.9172	-4.0105e-21
5.9222	-4.02252e-21
5.9272	-4.0345e-21
5.9322	-4.04644e-21
5.9372	-4.05834e-21
5.9422	-4.07021e-21
5.9472	-4.08202e-21
5.9522	-4.09379e-21
5.9572	-4.10551e-21
5.9622	-4.11718e-21
5.9672	-4.12879e-21
5.9722	-4.14035e-21
5.9772	-4.15184e-21
5.9822	-4.16328e-21
5.9872	-4.17465e-21
5.9922	-4.18595e-21
5.9972	-4.19718e-21
6.0022	-4.20834e-21
6.0072	-4.21942e-21
6.0122	-4.23043e-21
6.0172	-4.24135e-21
6.0222	-4.25218e-21
6.0272	-4.26293e-21
6.0322	-4.27358e-21
6.0372	-4.28414e-21
6.0422	-4.2946e-21
6.0472	-4.30496e-21
6.0522	-4.31521e-21
6.0572	-4.32534e-21
6.0622	-4.33537e-21
6.0672	-4.34528e-21
6.0722	-4.35506e-21
6.0772	-4.36472e-21
6.0822	-4.37425e-21
6.0872	-4.38364e-21
6.0922	-4.39289e-21
6.0972	-4.402e-21
6.1022	-4.41097e-21
6.1072	-4.41977e-21
6.11221	-4.42843e-21
6.11721	-4.43691e-21
6.12221	-4.44523e-21
6.12721	-4.45338e-21
6.13221	-4.46135e-21
6.13721	-4.46913e-21
6.14221	-4.47673e-21
6.14721	-4.48413e-21
6.15221	-4.49132e-21
6.15721	-4.49831e-21
6.16221	-4.50509e-21
6.16721	-4.51165e-21
6.17221	-4.51799e-21
6.17721	-4.52409e-21
6.18221	-4.52995e-21
6.18721	-4.53556e-21
6.19221	-4.54093e-21
6.19721	-4.54603e-21
6.20221	-4.55087e-21
6.20721	-4.55543e-21
6.21221	-4.55971e-21
6.21721	-4.5637e-21
6.22221	-4.56739e-21
6.22721	-4.57078e-21
6.23221	-4.57385e-21
6.23721	-4.57659e-21
6.24221	-4.57901e-21
6.24721	-4.58108e-21
6.25221	-4.5828e-21
6.25721	-4.58417e-21
6.26221	-4.58516e-21
6.26721	-4.58578e-21
6.27221	-4.586e-21
6.27721	-4.58583e-21
6.28221	-4.58525e-21
6.28721	-4.58424e-21
6.29221	-4.5828e-21
6.29721	-4.58092e-21
6.30221	-4.57859e-21
6.30721	-4.57579e-21
6.31221	-4.57251e-21
6.31721	-4.56874e-21
6.32221	-4.56447e-21
6.32721	-4.55967e-21
6.33221	-4.55435e-21
6.33721	-4.54849e-21
6.34221	-4.54207e-21
6.34721	-4.53508e-21
6.35221	-4.5275e-21
6.35721	-4.51932e-21
6.36221	-4.51052e-21
6.36721	-4.50109e-21
6.37221	-4.49102e-21
6.37721	-4.48028e-21
6.38221	-4.46886e-21
6.38721	-4.45674e-21
6.39221	-4.44391e-21
6.39721	-4.43034e-21
6.40221	-4.41603e-21
6.40721	-4.40094e-21
6.41221	-4.38507e-21
6.41721	-4.36838e-21
6.42221	-4.35087e-21
6.42721	-4.33251e-21
6.43221	-4.31327e-21
6.43721	-4.29315e-21
6.44221	-4.27211e-21
6.44721	-4.25014e-21
6.45221	-4.2272e-21
6.45721	-4.20328e-21
6.46221	-4.17836e-21
6.46721	-4.1524e-21
6.47221	-4.12539e-21
6.47721	-4.09729e-21
6.48221	-4.06808e-21
6.48721	-4.03774e-21
6.49221	-4.00623e-21
6.49721	-3.97353e-21
6.50221	-3.9396e-21
6.50721	-3.90443e-21
6.51221	-3.86797e-21
6.51721	-3.83019e-21
6.52221	-3.79107e-21
6.52721	-3.75058e-21
6.53221	-3.70867e-21
6.53721	-3.66531e-21
6.54221	-3.62047e-21
6.54721	-3.57411e-21
6.55222	-3.5262e-21
6.55722	-3.47669e-21
6.56222	-3.42556e-21
6.56722	-3.37275e-21
6.57222	-3.31823e-21
6.57722	-3.26196e-21
6.58222	-3.20389e-21
6.58722	-3.14398e-21
6.59222	-3.08219e-21
6.59722	-3.01847e-21
6.60222	-2.95277e-21
6.60722	-2.88505e-21
6.61222	-2.81525e-21
6.61722	-2.74333e-21
6.62222	-2.66924e-21
6.62722	-2.59291e-21
6.63222	-2.51431e-21
6.63722	-2.43336e-21
6.64222	-2.35002e-21
6.64722	-2.26423e-21
6.65222	-2.17592e-21
6.65722	-2.08504e-21
6.66222	-1.99153e-21
6.66722	-1.89531e-21
6.67222	-1.79633e-21
6.67722	-1.69451e-21
6.68222	-1.58979e-21
6.68722	-1.4821e-21
6.69222	-1.37136e-21
6.69722	-1.2575e-21
6.70222	-1.14045e-21
6.70722	-1.02012e-21
6.71222	-8.9644e-22
6.71722	-7.69321e-22
6.72222	-6.38683e-22
6.72722	-5.04438e-22
6.73222	-3.66498e-22
6.73722	-2.24774e-22
6.74222	-7.91712e-23
6.74722	7.0404e-23
6.75222	2.2405e-22
6.75722	3.81866e-22
6.76222	5.43954e-22
6.76722	7.10421e-22
6.77222	8.81373e-22
6.77722	1.05692e-21
6.78222	1.23718e-21
6.78722	1.42226e-21
6.79222	1.61229e-21
6.79722	1.80739e-21
6.80222	2.00767e-21
6.80722	2.21328e-21
6.81222	2.42434e-21
6.81722	2.64099e-21
6.82222	2.86337e-21
6.82722	3.09161e-21
6.83222	3.32587e-21
6.83722	3.56629e-21
6.84222	3.81304e-21
6.84722	4.06625e-21
6.85222	4.32611e-21
6.85722	4.59276e-21
6.86222	4.8664e-21
6.86722	5.14717e-21
6.87222	5.43528e-21
6.87722	5.7309e-21
6.88222	6.03421e-21
6.88722	6.34542e-21
6.89222	6.66473e-21
6.89722	6.99232e-21
6.90222	7.32843e-21
6.90722	7.67325e-21
6.91222	8.02702e-21
6.91722	8.38995e-21
6.92222	8.76229e-21
6.92722	9.14426e-21
6.93222	9.53611e-21
6.93722	9.93811e-21
6.94222	1.03505e-20
6.94722	1.07735e-20
6.95222	1.12075e-20
6.95722	1.16527e-20
6.96222	1.21094e-20
6.96722	1.25779e-20
6.97222	1.30584e-20
6.97722	1.35514e-20
6.98222	1.40571e-20
6.98723	1.45759e-20
6.99223	1.5108e-20
6.99723	1.56539e-20
7.00223	1.62139e-20
